1.028645833333330026e-02 0.000000000000000000e+00 0.000000000000000000e+00 0.000000000000000000e+00 0.000000000000000000e+00 0.000000000000000000e+00 0.000000000000000000e+00
3.085937500000000139e-02 0.000000000000000000e+00 0.000000000000000000e+00 0.000000000000000000e+00 0.000000000000000000e+00 0.000000000000000000e+00 0.000000000000000000e+00
5.143229166666660190e-02 0.000000000000000000e+00 0.000000000000000000e+00 0.000000000000000000e+00 0.000000000000000000e+00 0.000000000000000000e+00 0.000000000000000000e+00
7.200520833333330650e-02 0.000000000000000000e+00 0.000000000000000000e+00 0.000000000000000000e+00 0.000000000000000000e+00 0.000000000000000000e+00 0.000000000000000000e+00
9.257812499999999722e-02 0.000000000000000000e+00 0.000000000000000000e+00 0.000000000000000000e+00 0.000000000000000000e+00 0.000000000000000000e+00 0.000000000000000000e+00
1.131510416666666047e-01 0.000000000000000000e+00 0.000000000000000000e+00 0.000000000000000000e+00 0.000000000000000000e+00 0.000000000000000000e+00 0.000000000000000000e+00
1.337239583333333093e-01 0.000000000000000000e+00 0.000000000000000000e+00 0.000000000000000000e+00 0.000000000000000000e+00 0.000000000000000000e+00 0.000000000000000000e+00
1.542968750000000000e-01 0.000000000000000000e+00 0.000000000000000000e+00 0.000000000000000000e+00 0.000000000000000000e+00 0.000000000000000000e+00 0.000000000000000000e+00
1.748697916666666075e-01 0.000000000000000000e+00 0.000000000000000000e+00 0.000000000000000000e+00 0.000000000000000000e+00 0.000000000000000000e+00 0.000000000000000000e+00
1.954427083333332982e-01 0.000000000000000000e+00 0.000000000000000000e+00 0.000000000000000000e+00 0.000000000000000000e+00 0.000000000000000000e+00 0.000000000000000000e+00
2.160156249999999889e-01 0.000000000000000000e+00 0.000000000000000000e+00 0.000000000000000000e+00 0.000000000000000000e+00 0.000000000000000000e+00 0.000000000000000000e+00
2.365885416666665964e-01 0.000000000000000000e+00 0.000000000000000000e+00 0.000000000000000000e+00 0.000000000000000000e+00 0.000000000000000000e+00 0.000000000000000000e+00
2.571614583333333148e-01 0.000000000000000000e+00 0.000000000000000000e+00 0.000000000000000000e+00 0.000000000000000000e+00 0.000000000000000000e+00 0.000000000000000000e+00
2.777343749999999778e-01 0.000000000000000000e+00 0.000000000000000000e+00 0.000000000000000000e+00 0.000000000000000000e+00 0.000000000000000000e+00 0.000000000000000000e+00
2.983072916666666963e-01 0.000000000000000000e+00 0.000000000000000000e+00 0.000000000000000000e+00 0.000000000000000000e+00 0.000000000000000000e+00 0.000000000000000000e+00
3.188802083333333037e-01 0.000000000000000000e+00 0.000000000000000000e+00 0.000000000000000000e+00 0.000000000000000000e+00 0.000000000000000000e+00 0.000000000000000000e+00
3.394531250000000222e-01 0.000000000000000000e+00 0.000000000000000000e+00 0.000000000000000000e+00 0.000000000000000000e+00 0.000000000000000000e+00 0.000000000000000000e+00
3.600260416666666852e-01 0.000000000000000000e+00 0.000000000000000000e+00 0.000000000000000000e+00 0.000000000000000000e+00 0.000000000000000000e+00 0.000000000000000000e+00
3.805989583333332926e-01 0.000000000000000000e+00 0.000000000000000000e+00 0.000000000000000000e+00 0.000000000000000000e+00 0.000000000000000000e+00 0.000000000000000000e+00
4.011718750000000111e-01 9.171691143882458944e-03 4.814852149540427978e-02 2.314442897920369890e-02 4.491308537729780254e-03 3.448916635450578663e-03 1.150623653610363499e-02
4.217447916666666741e-01 1.580387387846474492e-02 1.737335155246761548e-02 8.582366407191245258e-03 8.986059974525667862e-03 1.031514947054162218e-02 7.353589131544244206e-02
4.423177083333332815e-01 3.157922631675304931e-02 2.890701710858778473e-02 1.775176776691176836e-02 2.571501979702741150e-02 3.854179564284315740e-02 8.806297521222463884e-03
4.628906250000000000e-01 3.278322886896078286e-02 8.331754278116514437e-03 3.461195096594551351e-02 6.431327448743165420e-02 4.998905351505805034e-02 6.715270792902221057e-03
4.834635416666666075e-01 4.119508176386980219e-02 8.455840757255379120e-03 8.982002411384325258e-03 4.747556976380705451e-02 3.960081537627451603e-02 3.524444458563769783e-02
5.040364583333333259e-01 5.485206982390234548e-02 2.739992345441436342e-02 7.828105646607898260e-02 5.165602321512057643e-02 1.646565269122313158e-01 3.880267029739147000e-02
5.246093749999999334e-01 1.794759610213790546e-01 2.657353445465887587e-02 4.661535151225611878e-02 4.354474651164123161e-02 7.749951176534736197e-02 1.699922318450578992e-02
5.451822916666666519e-01 5.015337583088558260e-01 2.774618150569130304e-02 4.519778030553703307e-02 4.097260065643485577e-02 1.731908981376833329e-02 1.454513310796836994e-03
5.657552083333332593e-01 1.546340472984319536e+00 5.809886390165074077e-02 5.083503791047030984e-02 7.362473512969938683e-02 1.967982974316307559e-02 3.838184344693076292e-03
5.863281249999999778e-01 3.375978478443093511e+00 1.472594284559747835e-01 2.983026628317530723e-02 1.926095853879192937e-02 6.065342831468070739e-02 2.367669609675371045e-01
6.069010416666665853e-01 5.851794068578219488e+00 2.264413885479764910e-01 6.363150695527031164e-02 1.462856987231496431e-01 7.463083534368422645e-02 1.075618484186993684e-02
6.274739583333333037e-01 7.732276788419417457e+00 6.671704800618754039e-01 9.551586306926621028e-02 8.181361050786634115e-02 5.260203987196912512e-02 3.827933356970985440e-02
6.480468749999999112e-01 8.719481247054464035e+00 1.366292665175460552e+00 6.731981549750715166e-02 5.017683100627741422e-02 5.094553641770970670e-02 1.945421722821445987e-01
6.686197916666666297e-01 6.949199278453555451e+00 2.087717449044449225e+00 1.416211007449195147e-01 5.304925637615630352e-02 4.471178073476850257e-02 1.483306171813429108e-01
6.891927083333333481e-01 5.684679849846106414e+00 3.715424015135345037e+00 2.498462588033268927e-01 4.112094556910291659e-02 7.088208172053693697e-03 1.223709399406757402e-02
7.097656249999999556e-01 3.550771235914172763e+00 5.809564793298216401e+00 4.136321032884679449e-01 1.643603183145527225e-01 5.683067447225850777e-02 5.282045908988562688e-02
7.303385416666666741e-01 1.966112639682914276e+00 6.105648394629586306e+00 6.489666315860156409e-01 1.488067615643054176e-01 6.852503863699818676e-02 5.011789857020780559e-02
7.509114583333332815e-01 1.128949203326969020e+00 7.533415376380100170e+00 1.431617565676911008e+00 1.710274790114961196e-01 1.208547273170012815e-01 6.189951363891636055e-02
7.714843750000000000e-01 4.047255412884824266e-01 6.830983769300989827e+00 2.998636735077057303e+00 3.795540338251171542e-01 2.641135306018248530e-01 4.079228697521583014e-01
7.920572916666666075e-01 1.395281209900912922e-01 5.189391321630931309e+00 4.620681897690101181e+00 6.333749951044623794e-01 1.749197306343238667e-01 2.029418955019732240e-01
8.126302083333333259e-01 7.914073362144244395e-02 3.779486666239973758e+00 6.077646583616338916e+00 9.930664571404106411e-01 1.248250891246118210e-01 2.143574339985604080e-02
8.332031249999999334e-01 7.083973349313014978e-02 1.870758436862171248e+00 5.827869580292072804e+00 1.320389790514623352e+00 2.646415591981118864e-01 9.644269062532939696e-02
8.537760416666666519e-01 3.058465746146107195e-02 1.186978844233701480e+00 6.542092141895782476e+00 2.421287092437253374e+00 4.902595933533105410e-01 2.672781129154997992e-01
8.743489583333332593e-01 3.890115395682473137e-02 5.926512805789250216e-01 6.017361518256842068e+00 3.681199565168312482e+00 5.332925376335114764e-01 6.404953929128086310e-02
8.949218749999999778e-01 2.495502450741894640e-02 4.266933356180837578e-01 4.904475411301958410e+00 4.686565365540714012e+00 8.906486107388533746e-01 2.818302668351649332e-01
9.154947916666665853e-01 4.245242871887637548e-02 1.694730731630731679e-01 3.085261265657960550e+00 4.867022898388278840e+00 1.454838930261223462e+00 3.705892666370209643e-01
9.360677083333331927e-01 1.795709027174915984e-02 1.357774563948136726e-01 1.895248352198701136e+00 5.614363330526829898e+00 2.032504746685491082e+00 5.291996779609796642e-01
9.566406250000000222e-01 2.087933609621224137e-02 5.638816267830103895e-02 9.823109963898792873e-01 4.973539803444543494e+00 3.238616051645025529e+00 5.153829314673736839e-01
9.772135416666666297e-01 1.139805614471730427e-02 3.043420642483288946e-02 7.695248306269062422e-01 4.939560785012401034e+00 3.569629945753157507e+00 8.220191121102872200e-01
9.977864583333332371e-01 2.021605604040585882e-02 4.692800273344183842e-02 5.215369532519732454e-01 3.831629093170346056e+00 3.578546446767895350e+00 9.722887087417444452e-01
1.018359374999999956e+00 5.621081599990413596e-02 5.311049318432322502e-02 3.405630240398314079e-01 3.628815335439286027e+00 5.911672178340622530e+00 2.351320007432371906e+00
1.038932291666666563e+00 2.418013844816844712e-02 3.289220265515245545e-02 1.576448149441201929e-01 2.028566618581432390e+00 5.478664054205172107e+00 2.520231757449860943e+00
1.059505208333333393e+00 5.905969317009732329e-03 9.707567073581984535e-03 7.185435258666975078e-02 1.269317799078873321e+00 5.015822206765838231e+00 3.124605496034041252e+00
1.080078125000000000e+00 2.027812614196490559e-02 4.209099380940251045e-02 4.913596815185009015e-02 7.773552258597585807e-01 3.798421671434000668e+00 2.827957881443402322e+00
1.100651041666666607e+00 2.778606096666498028e-03 2.313537212269924787e-02 5.685903110716343523e-02 4.638764234974325218e-01 3.883621282662723218e+00 3.786038516303102508e+00
1.121223958333333215e+00 7.672436674168742025e-03 4.145965570629589307e-03 2.000976113156497510e-02 2.309919983304757618e-01 2.184800375721406063e+00 5.943677741770823530e+00
1.141796875000000044e+00 3.079747649252240552e-02 2.888489641644291853e-02 1.548041669908609315e-02 7.810874418762621396e-02 1.020256848681722284e+00 3.472652774379256790e+00
1.162369791666666874e+00 6.043353793638836513e-02 1.723081152655277573e-02 6.445345095714920258e-02 1.277570968595414247e-01 1.264221429929603291e+00 5.105006077886208971e+00
1.182942708333333259e+00 4.819054470561331960e-02 2.589939826142378596e-02 1.716319848361267872e-02 8.617215391843066619e-02 7.380677548526314302e-01 4.648486384990683895e+00
1.203515625000000089e+00 1.003749035161227189e-02 1.548167155054122265e-02 1.652617443290465768e-02 5.254825451147283888e-02 4.226567784926410498e-01 2.847294914393982967e+00
1.224088541666666696e+00 6.773740481879340566e-03 1.322995592909453726e-02 3.115708332910599281e-03 2.622656387202957143e-02 3.981033664724902277e-01 2.484714977687761728e+00
1.244661458333333304e+00 1.221190739998332872e-02 3.226208693383546960e-02 3.742381968754987520e-02 4.186426480856109827e-02 2.427376208970535576e-01 7.517345797841948896e-01
1.265234374999999911e+00 1.452663808535294490e-02 1.584647887728850291e-02 1.358889974304783310e-02 7.418639473742541512e-02 1.886414982402993823e-01 9.542375389600431523e-01
1.285807291666666297e+00 4.688747034963545134e-03 2.282794310260736342e-02 9.553272867376729274e-03 6.563267881481145427e-02 3.166802352108348262e-01 1.344434606847675795e+00
1.306380208333333126e+00 1.911638102322925706e-02 3.169836274393596914e-02 9.646247295043798575e-03 5.832064177147444801e-03 6.016874903418441972e-02 5.138877998983483186e-01
1.326953124999999956e+00 8.599476576591935650e-03 6.946825165448868369e-03 7.354913825310132117e-03 2.474748509203161459e-02 4.551242639207291052e-02 1.868901504419044068e-01
1.347526041666666563e+00 1.636817522718999208e-03 6.243116169399594989e-03 1.849312630996686677e-02 4.708392665046753217e-02 6.252101913523103183e-02 1.895629704416477435e-01
1.368098958333333393e+00 0.000000000000000000e+00 4.726052003520401807e-05 9.963522830306845732e-05 2.775003336421126045e-04 2.957096871862592417e-04 8.269793005079486420e-04
1.388671875000000000e+00 0.000000000000000000e+00 0.000000000000000000e+00 0.000000000000000000e+00 0.000000000000000000e+00 0.000000000000000000e+00 0.000000000000000000e+00
1.409244791666666607e+00 0.000000000000000000e+00 0.000000000000000000e+00 0.000000000000000000e+00 0.000000000000000000e+00 0.000000000000000000e+00 0.000000000000000000e+00
1.429817708333333215e+00 0.000000000000000000e+00 0.000000000000000000e+00 0.000000000000000000e+00 0.000000000000000000e+00 0.000000000000000000e+00 0.000000000000000000e+00
1.450390625000000044e+00 0.000000000000000000e+00 0.000000000000000000e+00 0.000000000000000000e+00 0.000000000000000000e+00 0.000000000000000000e+00 0.000000000000000000e+00
1.470963541666666874e+00 0.000000000000000000e+00 0.000000000000000000e+00 0.000000000000000000e+00 0.000000000000000000e+00 0.000000000000000000e+00 0.000000000000000000e+00
1.491536458333333259e+00 0.000000000000000000e+00 0.000000000000000000e+00 0.000000000000000000e+00 0.000000000000000000e+00 0.000000000000000000e+00 0.000000000000000000e+00
1.512109375000000089e+00 0.000000000000000000e+00 0.000000000000000000e+00 0.000000000000000000e+00 0.000000000000000000e+00 0.000000000000000000e+00 0.000000000000000000e+00
1.532682291666666696e+00 0.000000000000000000e+00 0.000000000000000000e+00 0.000000000000000000e+00 0.000000000000000000e+00 0.000000000000000000e+00 0.000000000000000000e+00
1.553255208333333304e+00 0.000000000000000000e+00 0.000000000000000000e+00 0.000000000000000000e+00 0.000000000000000000e+00 0.000000000000000000e+00 0.000000000000000000e+00
1.573828124999999911e+00 0.000000000000000000e+00 0.000000000000000000e+00 0.000000000000000000e+00 0.000000000000000000e+00 0.000000000000000000e+00 0.000000000000000000e+00
1.594401041666666297e+00 0.000000000000000000e+00 0.000000000000000000e+00 0.000000000000000000e+00 0.000000000000000000e+00 0.000000000000000000e+00 0.000000000000000000e+00
1.614973958333333126e+00 0.000000000000000000e+00 0.000000000000000000e+00 0.000000000000000000e+00 0.000000000000000000e+00 0.000000000000000000e+00 0.000000000000000000e+00
1.635546874999999956e+00 0.000000000000000000e+00 0.000000000000000000e+00 0.000000000000000000e+00 0.000000000000000000e+00 0.000000000000000000e+00 0.000000000000000000e+00
1.656119791666666563e+00 0.000000000000000000e+00 0.000000000000000000e+00 0.000000000000000000e+00 0.000000000000000000e+00 0.000000000000000000e+00 0.000000000000000000e+00
1.676692708333333393e+00 0.000000000000000000e+00 0.000000000000000000e+00 0.000000000000000000e+00 0.000000000000000000e+00 0.000000000000000000e+00 0.000000000000000000e+00
1.697265625000000000e+00 0.000000000000000000e+00 0.000000000000000000e+00 0.000000000000000000e+00 0.000000000000000000e+00 0.000000000000000000e+00 0.000000000000000000e+00
1.717838541666666607e+00 0.000000000000000000e+00 0.000000000000000000e+00 0.000000000000000000e+00 0.000000000000000000e+00 0.000000000000000000e+00 0.000000000000000000e+00
1.738411458333333215e+00 0.000000000000000000e+00 0.000000000000000000e+00 0.000000000000000000e+00 0.000000000000000000e+00 0.000000000000000000e+00 0.000000000000000000e+00
1.758984375000000044e+00 0.000000000000000000e+00 0.000000000000000000e+00 0.000000000000000000e+00 0.000000000000000000e+00 0.000000000000000000e+00 0.000000000000000000e+00
1.779557291666666874e+00 0.000000000000000000e+00 0.000000000000000000e+00 0.000000000000000000e+00 0.000000000000000000e+00 0.000000000000000000e+00 0.000000000000000000e+00
1.800130208333333259e+00 0.000000000000000000e+00 0.000000000000000000e+00 0.000000000000000000e+00 0.000000000000000000e+00 0.000000000000000000e+00 0.000000000000000000e+00
1.820703125000000089e+00 0.000000000000000000e+00 0.000000000000000000e+00 0.000000000000000000e+00 0.000000000000000000e+00 0.000000000000000000e+00 0.000000000000000000e+00
1.841276041666666696e+00 0.000000000000000000e+00 0.000000000000000000e+00 0.000000000000000000e+00 0.000000000000000000e+00 0.000000000000000000e+00 0.000000000000000000e+00
1.861848958333333304e+00 0.000000000000000000e+00 0.000000000000000000e+00 0.000000000000000000e+00 0.000000000000000000e+00 0.000000000000000000e+00 0.000000000000000000e+00
1.882421874999999911e+00 0.000000000000000000e+00 0.000000000000000000e+00 0.000000000000000000e+00 0.000000000000000000e+00 0.000000000000000000e+00 0.000000000000000000e+00
1.902994791666666297e+00 0.000000000000000000e+00 0.000000000000000000e+00 0.000000000000000000e+00 0.000000000000000000e+00 0.000000000000000000e+00 0.000000000000000000e+00
1.923567708333333126e+00 0.000000000000000000e+00 0.000000000000000000e+00 0.000000000000000000e+00 0.000000000000000000e+00 0.000000000000000000e+00 0.000000000000000000e+00
1.944140624999999956e+00 0.000000000000000000e+00 0.000000000000000000e+00 0.000000000000000000e+00 0.000000000000000000e+00 0.000000000000000000e+00 0.000000000000000000e+00
1.964713541666666341e+00 0.000000000000000000e+00 0.000000000000000000e+00 0.000000000000000000e+00 0.000000000000000000e+00 0.000000000000000000e+00 0.000000000000000000e+00
