5.000000000000000104e-03 0.000000000000000000e+00 0.000000000000000000e+00 0.000000000000000000e+00 0.000000000000000000e+00 0.000000000000000000e+00 0.000000000000000000e+00
1.499999999999999944e-02 0.000000000000000000e+00 0.000000000000000000e+00 0.000000000000000000e+00 0.000000000000000000e+00 0.000000000000000000e+00 0.000000000000000000e+00
2.500000000000000139e-02 0.000000000000000000e+00 7.820071083353332536e-03 0.000000000000000000e+00 0.000000000000000000e+00 0.000000000000000000e+00 0.000000000000000000e+00
3.500000000000000333e-02 0.000000000000000000e+00 8.607345973250166843e-03 0.000000000000000000e+00 0.000000000000000000e+00 0.000000000000000000e+00 0.000000000000000000e+00
4.499999999999999833e-02 0.000000000000000000e+00 9.479366643525867497e-03 0.000000000000000000e+00 0.000000000000000000e+00 0.000000000000000000e+00 0.000000000000000000e+00
5.500000000000000028e-02 8.777791194941769390e-03 1.039767330567834165e-02 0.000000000000000000e+00 0.000000000000000000e+00 0.000000000000000000e+00 0.000000000000000000e+00
6.500000000000000222e-02 1.067309215844859660e-02 1.093976471196476431e-02 0.000000000000000000e+00 0.000000000000000000e+00 0.000000000000000000e+00 0.000000000000000000e+00
7.500000000000001110e-02 1.198480730946355904e-02 1.145314735282885327e-02 6.723627882134714483e-03 0.000000000000000000e+00 0.000000000000000000e+00 0.000000000000000000e+00
8.499999999999999223e-02 1.213133415091876242e-02 1.198788152548484372e-02 9.491674541200690457e-03 0.000000000000000000e+00 0.000000000000000000e+00 0.000000000000000000e+00
9.500000000000000111e-02 1.152297175626171635e-02 1.251688828454731485e-02 1.265742963621616264e-02 2.368839863229586524e-03 0.000000000000000000e+00 0.000000000000000000e+00
1.050000000000000100e-01 1.086046186824724674e-02 1.308073925568454567e-02 1.602675292195938211e-02 4.633124315468962334e-03 0.000000000000000000e+00 0.000000000000000000e+00
1.149999999999999911e-01 1.014944599068590657e-02 1.349235578459797094e-02 1.944634886947694749e-02 6.307608008883732430e-03 0.000000000000000000e+00 0.000000000000000000e+00
1.250000000000000000e-01 9.747260746935212244e-03 1.343675402657660244e-02 2.282307373822083443e-02 8.491497877370033157e-03 0.000000000000000000e+00 0.000000000000000000e+00
1.350000000000000089e-01 9.530035615050809830e-03 1.315050937124539153e-02 2.593525845311440287e-02 1.097307483301383779e-02 0.000000000000000000e+00 0.000000000000000000e+00
1.450000000000000178e-01 9.418905227527555810e-03 1.261761499117049386e-02 2.816681178318406267e-02 1.387335412901553704e-02 0.000000000000000000e+00 0.000000000000000000e+00
1.549999999999999989e-01 9.374432698395168337e-03 1.231166183619991465e-02 2.979368609845960830e-02 1.706156166041641192e-02 0.000000000000000000e+00 0.000000000000000000e+00
1.650000000000000078e-01 9.271770677938140012e-03 1.205872003204846131e-02 3.096892728326813837e-02 2.077246485665752360e-02 0.000000000000000000e+00 0.000000000000000000e+00
1.749999999999999889e-01 9.145088303722338080e-03 1.211294983827662652e-02 3.133079524252158771e-02 2.492755066240205999e-02 0.000000000000000000e+00 0.000000000000000000e+00
1.849999999999999978e-01 9.304444656116116555e-03 1.223026380629227243e-02 3.039991342997398066e-02 2.987324596036764618e-02 0.000000000000000000e+00 0.000000000000000000e+00
1.950000000000000067e-01 9.476927839818415772e-03 1.264431660353584723e-02 2.869048213058376581e-02 3.496601056137646490e-02 0.000000000000000000e+00 0.000000000000000000e+00
2.050000000000000155e-01 9.604043839339125588e-03 1.319362674336511596e-02 2.679944791549462510e-02 4.006471969163869634e-02 0.000000000000000000e+00 0.000000000000000000e+00
2.149999999999999967e-01 9.646536899396165876e-03 1.395134247391899111e-02 2.531663959632154612e-02 4.505875770294301419e-02 2.162211467078433910e-03 0.000000000000000000e+00
2.250000000000000056e-01 9.862761602965874549e-03 1.474164136299724488e-02 2.519433467647660962e-02 4.933383136246011907e-02 2.942935702900379216e-03 0.000000000000000000e+00
2.349999999999999867e-01 9.907175327372104087e-03 1.584549590200911087e-02 2.534949470112309727e-02 5.246763447446754075e-02 3.951868144616047310e-03 0.000000000000000000e+00
2.449999999999999956e-01 1.004229925932173181e-02 1.706692747622539155e-02 2.593009872919137260e-02 5.413511733392346176e-02 5.860003294523678796e-03 0.000000000000000000e+00
2.550000000000000044e-01 9.974840277482049933e-03 1.794762669954279993e-02 2.652075301789248718e-02 5.518614469784763332e-02 8.549882930696046240e-03 -7.469366858396502752e-06
2.650000000000000133e-01 1.039946624747461502e-02 1.822574821806180467e-02 2.698083158992489392e-02 5.538148399982512071e-02 1.199265135480971807e-02 1.227975868326284213e-03
2.750000000000000222e-01 1.174182064585714558e-02 1.773320328313855720e-02 2.710728384150032366e-02 5.538205849935809444e-02 1.597093192442531479e-02 1.598468664156672608e-03
2.850000000000000311e-01 1.456720949797426709e-02 1.715754941425691460e-02 2.699349896915516009e-02 5.525061060473825808e-02 2.018895921090599344e-02 2.075936869184371193e-03
2.949999999999999845e-01 1.812900034501566462e-02 1.659707369278553765e-02 2.723331634834530099e-02 5.435450689854683104e-02 2.474454418662606903e-02 2.539002444614836974e-03
3.049999999999999933e-01 2.167103834091226380e-02 1.666059807556981645e-02 2.823807791136042147e-02 5.323197117944949985e-02 2.947412592783749466e-02 3.278345095186252760e-03
3.150000000000000022e-01 2.449471508362324398e-02 1.766525228062009248e-02 2.957387446690588548e-02 5.148209156308351103e-02 3.422846746167033938e-02 3.913140108546954259e-03
3.250000000000000111e-01 2.649158163666253535e-02 1.987510988447542537e-02 3.093638967290184699e-02 4.902732140022818957e-02 4.011078285737065818e-02 4.808137853056594635e-03
3.350000000000000200e-01 2.753487322627049677e-02 2.215053738382423767e-02 3.189289961165826109e-02 4.684844385869051803e-02 4.591257327738386407e-02 5.837529214440924374e-03
3.450000000000000289e-01 2.816993777625255782e-02 2.431277520780789417e-02 3.249141132263025367e-02 4.482334393178397103e-02 5.212086527718724771e-02 7.281663171169132538e-03
3.549999999999999822e-01 2.911199694579649430e-02 2.647072641863342998e-02 3.267415557397058273e-02 4.330521492548740359e-02 5.864901402886506243e-02 9.054608508970829472e-03
3.649999999999999911e-01 3.122748681151945802e-02 2.862603018443080072e-02 3.243667112569038197e-02 4.255589854867405930e-02 6.465660094773813260e-02 1.197110264470594744e-02
3.750000000000000000e-01 3.361628167094940500e-02 3.081460490429934959e-02 3.226382982521606990e-02 4.196824302977277682e-02 7.064489411617173864e-02 1.542134348314295501e-02
3.850000000000000089e-01 3.492647947386647023e-02 3.252619118695111722e-02 3.220684961435236332e-02 4.147250729486590820e-02 7.432026437906887051e-02 2.099657694104976186e-02
3.950000000000000178e-01 3.518319292431185824e-02 3.376917132325023274e-02 3.193975376873241234e-02 4.111297663302503763e-02 7.755255647158976195e-02 2.635405145355808332e-02
4.050000000000000266e-01 3.539968679451468980e-02 3.460007334320376604e-02 3.095756622393288152e-02 4.068214074475699771e-02 8.088328083980800276e-02 3.316338062804164571e-02
4.150000000000000355e-01 3.682415887686083661e-02 3.511701024313709091e-02 2.994664831466783278e-02 4.057538711574240620e-02 8.282417233185798700e-02 4.080227873258229776e-02
4.249999999999999889e-01 3.881005258326569729e-02 3.509760102592662800e-02 2.890745768745696734e-02 4.072626790323887608e-02 8.457471472340442886e-02 4.813414548672919485e-02
4.349999999999999978e-01 4.103889097744686104e-02 3.452401046475578328e-02 2.815525967786332989e-02 4.046346549193879233e-02 8.548048871748692434e-02 5.724025477673240492e-02
4.450000000000000067e-01 4.351186695611156813e-02 3.345451298070835355e-02 2.824681488450141512e-02 4.009956493942630484e-02 8.532732858582874058e-02 6.511489710259313335e-02
4.550000000000000155e-01 4.684222287309960930e-02 3.208242193964878919e-02 2.902920429086728107e-02 3.979906190420395840e-02 8.501826764714767726e-02 7.219809780502257912e-02
4.650000000000000244e-01 5.188255568046089977e-02 3.085860922573491205e-02 3.008084328934999135e-02 4.019754207005316049e-02 8.509738146652816304e-02 7.784890332483720976e-02
4.749999999999999778e-01 6.043973418806136005e-02 3.047899536154179481e-02 3.132375383297640592e-02 4.144325462663930870e-02 8.565216644703703419e-02 8.098005082712844693e-02
4.849999999999999867e-01 7.322888126280094334e-02 3.086885872922425986e-02 3.335219501327883057e-02 4.272996077910241192e-02 8.378005398291754613e-02 8.454935434833657504e-02
4.949999999999999956e-01 9.207242300507839650e-02 3.173144487827365273e-02 3.640777751792680789e-02 4.342906891046613427e-02 8.098151297160605111e-02 8.613180872785584918e-02
5.050000000000000044e-01 1.228650516888867561e-01 3.345549783020281692e-02 3.968657819251324159e-02 4.381176851378167092e-02 7.788629354744848465e-02 8.729114750229091668e-02
5.150000000000000133e-01 1.728188954251761167e-01 3.631141273918743473e-02 4.286303979569797834e-02 4.384730059043176476e-02 7.396372395842167047e-02 8.914304203078521338e-02
5.250000000000000222e-01 2.563480122118666493e-01 4.101654734513224959e-02 4.605292622982688072e-02 4.385450669363971654e-02 6.997074138219500083e-02 9.031522516959142322e-02
5.350000000000000311e-01 3.997413183507341206e-01 4.700420883461043503e-02 4.915620733040892282e-02 4.385735259946407089e-02 6.540096587629522229e-02 9.208445301932045857e-02
5.450000000000000400e-01 6.507263070264487359e-01 5.432351518160592058e-02 5.131343832757453288e-02 4.430817605869253467e-02 6.030005653626084594e-02 9.367785529374760001e-02
5.550000000000000488e-01 1.071598241394335016e+00 6.480000821151384038e-02 5.310194556225319301e-02 4.488389569597212025e-02 5.576013043585673762e-02 9.430472481595694734e-02
5.650000000000000577e-01 1.748552899179826703e+00 8.030602943180170650e-02 5.401852697987399171e-02 4.541058574796807967e-02 5.288340682980140206e-02 9.280639817370868461e-02
5.749999999999999556e-01 2.790331698260330562e+00 1.028041356012151797e-01 5.462634075518742888e-02 4.608300651693948008e-02 5.209624103524993638e-02 9.124427801180624853e-02
5.849999999999999645e-01 4.116099980562062832e+00 1.354895435460083120e-01 5.559155659557494383e-02 4.757840426671294809e-02 5.460501765476437341e-02 9.018699833300927726e-02
5.949999999999999734e-01 5.484323605572560822e+00 1.827981889346702027e-01 5.763184009394812374e-02 4.970242939567223045e-02 5.865657062722740706e-02 9.017743229380066616e-02
6.049999999999999822e-01 6.684894754637103809e+00 2.541452146750461383e-01 6.078661664425549782e-02 5.228363926281005825e-02 6.365861529864824675e-02 8.840966067820522911e-02
6.149999999999999911e-01 7.556064212075647823e+00 3.642284747227949593e-01 6.659503031226850223e-02 5.523735147773917858e-02 6.866373944602256751e-02 8.593602347380425999e-02
6.250000000000000000e-01 8.143954821612933159e+00 5.303542996848737978e-01 7.373825674991588142e-02 5.813536820514244446e-02 7.297182785523188830e-02 8.199031974093073938e-02
6.350000000000000089e-01 8.443009067971663839e+00 7.757040878211319823e-01 8.284444166183284330e-02 6.097448407686163752e-02 7.624735056387438314e-02 7.729638875253123931e-02
6.450000000000000178e-01 8.402941736333225720e+00 1.136035782806213978e+00 9.604378625585079099e-02 6.452759941652906617e-02 7.755794649117891959e-02 7.346200399345537146e-02
6.550000000000000266e-01 8.007321000314961523e+00 1.644460086186737335e+00 1.149326180474490727e-01 6.826268919931018087e-02 7.895498566177600042e-02 7.032909752953191151e-02
6.650000000000000355e-01 7.277162418498986263e+00 2.313341112679236478e+00 1.405454114960167644e-01 7.169566778011382535e-02 7.896448854725814093e-02 7.022353489305445395e-02
6.750000000000000444e-01 6.293368927959205550e+00 3.135408904066446123e+00 1.753357887266945858e-01 7.607782541470056725e-02 7.864569114485828183e-02 7.157975903685954988e-02
6.850000000000000533e-01 5.204245446466546632e+00 4.045923059881024741e+00 2.243647484646100199e-01 8.219265138113913960e-02 7.829375186624978888e-02 7.595497141393020568e-02
6.950000000000000622e-01 4.109443868393253929e+00 4.943895320365901291e+00 2.937880125918427288e-01 8.944719927825942052e-02 7.836602438450238073e-02 8.378049673504824046e-02
7.050000000000000711e-01 3.119672047443791563e+00 5.764852902102225229e+00 3.944016877715498248e-01 9.968757628855225150e-02 7.848057401524687060e-02 9.471457705598526622e-02
7.149999999999999689e-01 2.285164991434021520e+00 6.440040749134470666e+00 5.349541295358433146e-01 1.131616184670724834e-01 7.984220374659094233e-02 1.059770882272134812e-01
7.249999999999999778e-01 1.624801276180419807e+00 6.923243554467772398e+00 7.294617017111034718e-01 1.303741434123227572e-01 8.181927324457444195e-02 1.158212522802544442e-01
7.349999999999999867e-01 1.131286960161935751e+00 7.170057463755237670e+00 9.985671611378699186e-01 1.529252209135658347e-01 8.465700344522916754e-02 1.216655028524818299e-01
7.449999999999999956e-01 7.837672585184822793e-01 7.183887444775921338e+00 1.363486340993384172e+00 1.818163288497692820e-01 8.747603236260388659e-02 1.257681173249669826e-01
7.550000000000000044e-01 5.465033046097869107e-01 6.983828365375313929e+00 1.846230524053893651e+00 2.178762911020135362e-01 9.127955493335451753e-02 1.245373183605979761e-01
7.650000000000000133e-01 3.803657248600046392e-01 6.580203083735459479e+00 2.447583747413391020e+00 2.632300657917757136e-01 9.734131858652231295e-02 1.219377524182325284e-01
7.750000000000000222e-01 2.660854225337804801e-01 6.007231027029179771e+00 3.171085819823050933e+00 3.239822490981864034e-01 1.048481017097246532e-01 1.166351705896336993e-01
7.850000000000000311e-01 1.892632948544430427e-01 5.269988433731791488e+00 4.003163570093936308e+00 4.051377962953304213e-01 1.157676226393765939e-01 1.129772668761953452e-01
7.950000000000000400e-01 1.372291361734146176e-01 4.436585559922537669e+00 4.856006905019782494e+00 5.102799310854772008e-01 1.282288038671390018e-01 1.133545104115843138e-01
8.050000000000000488e-01 1.010480780645176407e-01 3.608442483390051247e+00 5.664890248370631376e+00 6.450916952199640120e-01 1.454721385491156704e-01 1.147765885782790346e-01
8.150000000000000577e-01 7.585165120673566241e-02 2.845375897832452594e+00 6.306761147251324751e+00 8.142387170508658123e-01 1.657404646226655343e-01 1.183781550181281089e-01
8.250000000000000666e-01 5.878390455901601891e-02 2.197100211131392200e+00 6.706139666906952179e+00 1.031056859047503327e+00 1.897085397921298711e-01 1.212887207138016454e-01
8.349999999999999645e-01 4.759734967327450966e-02 1.663215493997614036e+00 6.866567349239002027e+00 1.307351282838557172e+00 2.170240204866100975e-01 1.265407691921335287e-01
8.449999999999999734e-01 4.011514251313438167e-02 1.239235235739721830e+00 6.796085642730943732e+00 1.645493901369664114e+00 2.507636091343392604e-01 1.319628663509878619e-01
8.549999999999999822e-01 3.566029783050919666e-02 9.146836608702553217e-01 6.527455469004838307e+00 2.056484498605610778e+00 2.930818781567889331e-01 1.383473066374044103e-01
8.649999999999999911e-01 3.309197302137029811e-02 6.727487597138362974e-01 6.087013400067261770e+00 2.539912875501492806e+00 3.464902707320989261e-01 1.464390281208353406e-01
8.750000000000000000e-01 3.132245399909976830e-02 4.951512841041911250e-01 5.501303120038021355e+00 3.088633481946435388e+00 4.120889863687339782e-01 1.530122911524516571e-01
8.850000000000000089e-01 2.987907584411075845e-02 3.678409483153950443e-01 4.821689412275648401e+00 3.684015569174343696e+00 5.025395535531799185e-01 1.655182564965846093e-01
8.950000000000000178e-01 2.842890514405408894e-02 2.759578280372471659e-01 4.116181652832258564e+00 4.290668495293243900e+00 6.181833646483784195e-01 1.800037553099996801e-01
9.050000000000000266e-01 2.681528633988488480e-02 2.092719257537108968e-01 3.420634702289341522e+00 4.871042223862408704e+00 7.732381982621516769e-01 1.949639408574881660e-01
9.150000000000000355e-01 2.548244095311375662e-02 1.616076823803348494e-01 2.786286337812589942e+00 5.350042483309510821e+00 9.661858703044353680e-01 2.117502846189309729e-01
9.250000000000000444e-01 2.522362856233241468e-02 1.289292345356204406e-01 2.232671901755141963e+00 5.686840501010969717e+00 1.204832682132049415e+00 2.331374655327331236e-01
9.350000000000000533e-01 2.603450380203729819e-02 1.038523253192926987e-01 1.763820366711766008e+00 5.861730292315477264e+00 1.510206059784499066e+00 2.560782659126517036e-01
9.450000000000000622e-01 2.738613302761801552e-02 8.433148142748522758e-02 1.375833019237366672e+00 5.869921378904015441e+00 1.882735927640134754e+00 2.852442240639073701e-01
9.550000000000000711e-01 3.000984125776598108e-02 6.996568792201252052e-02 1.059838537054421437e+00 5.726616725920455231e+00 2.325733709828655460e+00 3.276323008826910743e-01
9.649999999999999689e-01 3.252245485149445753e-02 5.847016070511688868e-02 8.094847538964945466e-01 5.459628232465550290e+00 2.839942657276660398e+00 3.757228692846804052e-01
9.749999999999999778e-01 3.373885142102691498e-02 4.937546674260155644e-02 6.152547009153022106e-01 5.086928766282521330e+00 3.403074249511891747e+00 4.328460687610085622e-01
9.849999999999999867e-01 3.309774024539292869e-02 4.170976947404699681e-02 4.674877059306999927e-01 4.638150020314006028e+00 3.997019814146508310e+00 5.061539732222672949e-01
9.949999999999999956e-01 3.052474092506294798e-02 3.560684940367259133e-02 3.561789676298799390e-01 4.143424975355008755e+00 4.578258858002073772e+00 5.993734336892976300e-01
1.004999999999999893e+00 2.755101529833385576e-02 3.104291015144741012e-02 2.713809926018845853e-01 3.628579839869320978e+00 5.102602033011854665e+00 7.215263581213083866e-01
1.015000000000000124e+00 2.462856247344752739e-02 2.778082721287902096e-02 2.070068130685099872e-01 3.114196321399632872e+00 5.536474417223600675e+00 8.783901930860813501e-01
1.024999999999999911e+00 2.220325673966113550e-02 2.642878828292495250e-02 1.591853632414619579e-01 2.619636615014294012e+00 5.837337150035722289e+00 1.077178008281170607e+00
1.035000000000000142e+00 2.172677679783667840e-02 2.571286337368553637e-02 1.234044685162501709e-01 2.166349952630036491e+00 5.986446179237668197e+00 1.334381369539594964e+00
1.044999999999999929e+00 2.214947918754931258e-02 2.598555335534709354e-02 9.683252267578441874e-02 1.765134372268344798e+00 5.962598013012843978e+00 1.654039060209553158e+00
1.055000000000000160e+00 2.425876363919744413e-02 2.665064482479077151e-02 7.779624732278746235e-02 1.419639580788297550e+00 5.760637040544386522e+00 2.047275377302817390e+00
1.064999999999999947e+00 2.695948323310847633e-02 2.717229404364729026e-02 6.506511243890526763e-02 1.125012973346297018e+00 5.400579649119945813e+00 2.502166467589422627e+00
1.075000000000000178e+00 2.986955557185369189e-02 2.721091165178415525e-02 5.645021991938353745e-02 8.790931353836367590e-01 4.930222367018910923e+00 3.010292076058300736e+00
1.084999999999999964e+00 3.156579967860603797e-02 2.670509911296524083e-02 5.108808917952098461e-02 6.821212260427285123e-01 4.368405350537614140e+00 3.567042229736951509e+00
1.095000000000000195e+00 3.264444113497736583e-02 2.588205291269429081e-02 4.708756306657944229e-02 5.278017090967244140e-01 3.771011778649039137e+00 4.128694453028692202e+00
1.104999999999999982e+00 3.238774486494092747e-02 2.496309149726566243e-02 4.454120343479789357e-02 4.098509069930109661e-01 3.176385311852122140e+00 4.680235160890321211e+00
1.115000000000000213e+00 3.042269777872140882e-02 2.423293300632596917e-02 4.249001608374008976e-02 3.200895445570425268e-01 2.610019009420547320e+00 5.176884311187684773e+00
1.125000000000000000e+00 2.729169628220252594e-02 2.366396214396462166e-02 4.044643063118149445e-02 2.519407031775678374e-01 2.106054322236708298e+00 5.584609191353507640e+00
1.135000000000000231e+00 2.390734172182962594e-02 2.307097172271477606e-02 3.854813262779190758e-02 2.005691684937715713e-01 1.673177879467837581e+00 5.826803068508680461e+00
1.145000000000000018e+00 2.058714181545178920e-02 2.227796179502455551e-02 3.646552004282565401e-02 1.616218645981703783e-01 1.317494390048785879e+00 5.895308509281143472e+00
1.155000000000000027e+00 1.857879880463245842e-02 2.171016551340680667e-02 3.399877954023949878e-02 1.326654356604920482e-01 1.031172255744799315e+00 5.771485728197069953e+00
1.165000000000000036e+00 1.669386183518134850e-02 2.161150915116771473e-02 3.174647785332746636e-02 1.095852423427244593e-01 8.070292886311347669e-01 5.481507930783870108e+00
1.174999999999999822e+00 1.540478246021267754e-02 2.165808572297612047e-02 2.952940094510740632e-02 9.231409434615156506e-02 6.321939459100291980e-01 5.043601078994800702e+00
1.185000000000000053e+00 1.427314968151122999e-02 2.194665057727310589e-02 2.718387804472303590e-02 7.920474979143758698e-02 4.978391695376918058e-01 4.516865726711558615e+00
1.194999999999999840e+00 1.287849483476392193e-02 2.241492880631713522e-02 2.515845172162161844e-02 6.987594105351573048e-02 3.928024157730263255e-01 3.929414628054617609e+00
1.205000000000000071e+00 1.136051264494912678e-02 2.319643591582307152e-02 2.369635117027275514e-02 6.353582138893551501e-02 3.105102828557669281e-01 3.350809072841421266e+00
1.214999999999999858e+00 1.015537619240278709e-02 2.394385762086831404e-02 2.248821580628242514e-02 5.942031144586971958e-02 2.475355652595468137e-01 2.798449208332473681e+00
1.225000000000000089e+00 9.015555043805778199e-03 2.366523993974547352e-02 2.129083159777908629e-02 5.609551592828115885e-02 1.998105935803348443e-01 2.299439315700958275e+00
1.234999999999999876e+00 7.893236982414923372e-03 2.295627231488649514e-02 2.005034164945475664e-02 5.373341067503144969e-02 1.634033589069634196e-01 1.874480133481937649e+00
1.245000000000000107e+00 6.893295270837540567e-03 2.157992547448739709e-02 1.897685326615384388e-02 5.149461118010362909e-02 1.361426785814930929e-01 1.510881432411119940e+00
1.254999999999999893e+00 6.155049413288623920e-03 2.039152473843590732e-02 1.918694447828347277e-02 4.892828337249187365e-02 1.149343994111401007e-01 1.212088268883831921e+00
1.265000000000000124e+00 5.857877443837800763e-03 1.959561759190039248e-02 1.970575462387480492e-02 4.577153444197542415e-02 9.847978278847613343e-02 9.723339803758287436e-01
1.274999999999999911e+00 6.141031157890768956e-03 1.893730592142590236e-02 2.016949824402983205e-02 4.273919418981755869e-02 8.700606524000775721e-02 7.753561162302292642e-01
1.285000000000000142e+00 6.869056199073068913e-03 1.812957351897338462e-02 2.021711459015912080e-02 4.002274700019573667e-02 7.808862784508324717e-02 6.213753573503792982e-01
1.294999999999999929e+00 7.679748686103736455e-03 1.730272270621560637e-02 1.994063318379043701e-02 3.721892503966883065e-02 7.262816420520827598e-02 4.979724632724049083e-01
1.305000000000000160e+00 8.957279456886450830e-03 1.662880268379601789e-02 1.962760886118250850e-02 3.462352226508469411e-02 6.813555215111348484e-02 4.003813776179505624e-01
1.314999999999999947e+00 1.027924631580214715e-02 1.616184589173727884e-02 1.971351450952142648e-02 3.215692729401646577e-02 6.437577117067767862e-02 3.220508856138858400e-01
1.325000000000000178e+00 1.140622351018537664e-02 1.624440723079587784e-02 1.992232046311646562e-02 3.045086618161815459e-02 6.021095263799249031e-02 2.612122792810082084e-01
1.334999999999999964e+00 1.188847256009287028e-02 1.635849827624702435e-02 2.019719976921025353e-02 2.961450196927943937e-02 5.642051626205264042e-02 2.104510271393616183e-01
1.345000000000000195e+00 1.170792541731030881e-02 1.650372703139400127e-02 2.115548835389460466e-02 2.917892036923735999e-02 5.324818643846161714e-02 1.695501627890485252e-01
1.354999999999999982e+00 1.112920715863426231e-02 1.670557517659515545e-02 2.224186270565237100e-02 2.943677847022225375e-02 5.135948148897621218e-02 1.362677561425845174e-01
1.365000000000000213e+00 1.042551945656834157e-02 1.697194250272117053e-02 2.322365922441682259e-02 3.014248558154518365e-02 4.975636751727375434e-02 1.125959058160072718e-01
1.375000000000000000e+00 9.606059668525582240e-03 1.730176995916494001e-02 2.417642062945787873e-02 3.076382901285016486e-02 4.853633629956482370e-02 9.341733855293062050e-02
1.385000000000000231e+00 8.472262363354040801e-03 1.754366514875164637e-02 2.495057815641141610e-02 3.132388280338593844e-02 4.794886533303967940e-02 8.177272231209146980e-02
1.395000000000000018e+00 7.286755865718906079e-03 1.761708076834828454e-02 2.544567203208698836e-02 3.176948487937868854e-02 4.732446658065839890e-02 7.312942285712317747e-02
1.405000000000000027e+00 6.194662926324650751e-03 1.735793381480738376e-02 2.507157088780168075e-02 3.198839355979633814e-02 4.666172972515202078e-02 6.917502168264887119e-02
1.415000000000000036e+00 5.192508471737637861e-03 1.710385251198831905e-02 2.436399979423903295e-02 3.197185759049412518e-02 4.698379733310253936e-02 6.607429441903979461e-02
1.424999999999999822e+00 4.381857292091156236e-03 1.659743583789354687e-02 2.366379764386608228e-02 3.146805765985485892e-02 4.667493069347269929e-02 6.417725110293577562e-02
1.435000000000000053e+00 3.663768462027686048e-03 1.607000908605890274e-02 2.260113707392897089e-02 3.044493563079616813e-02 4.584724981992075593e-02 6.105239363240163447e-02
1.444999999999999840e+00 3.248408811956757410e-03 1.535097490586708954e-02 2.150917507609600293e-02 2.945773103983678753e-02 4.436929177633005400e-02 5.784278807575026632e-02
1.455000000000000071e+00 3.181575396547072377e-03 1.472959243743990863e-02 2.057999072551477959e-02 2.823029907761186522e-02 4.198079338092040175e-02 5.459910858134583989e-02
1.464999999999999858e+00 3.305501480173334006e-03 1.406295267778206147e-02 1.967512551336123711e-02 2.609124083771569014e-02 3.948811950713928404e-02 5.109698536315621098e-02
1.475000000000000089e+00 3.558712338347569913e-03 1.331065740274050765e-02 1.895132647374811463e-02 2.408126653704326797e-02 3.667940871011077936e-02 4.825049433542923788e-02
1.484999999999999876e+00 3.767479770169260625e-03 1.233593348360547889e-02 1.846990888552933058e-02 2.248878244010482988e-02 3.343863929368987714e-02 4.588379829610268051e-02
1.495000000000000107e+00 4.113194239246271804e-03 1.128146097460628987e-02 1.792176720507186738e-02 2.097868564144187223e-02 2.957967208595740222e-02 4.413232110903763522e-02
1.504999999999999893e+00 4.413623909163863317e-03 1.042312058403427333e-02 1.734817086382592008e-02 1.990146828062193049e-02 2.630632519621989990e-02 4.398941617896734435e-02
1.515000000000000124e+00 4.634853806084371537e-03 9.676146907637515546e-03 1.678583539885209960e-02 1.917087360880579891e-02 2.305820405789785546e-02 4.380243818234535319e-02
1.524999999999999911e+00 4.708437496114946212e-03 8.854031829694771275e-03 1.612757612538525537e-02 1.912072174693912885e-02 2.065048316052081959e-02 4.240024409448085729e-02
1.535000000000000142e+00 4.790191276263804435e-03 8.061450248538538227e-03 1.504675910403445276e-02 1.986192441707870099e-02 1.871014559863449708e-02 4.086779370891607116e-02
1.544999999999999929e+00 4.669490327393100576e-03 7.407309022882591597e-03 1.376528425192853795e-02 2.061845359653937185e-02 1.719809287481648824e-02 3.889063669810038926e-02
1.555000000000000160e+00 4.354643878524940351e-03 7.000601402202138307e-03 1.273289855953396200e-02 2.075495431626992252e-02 1.590457289553857609e-02 3.504950200152308348e-02
1.564999999999999947e+00 3.915638826017794893e-03 6.620764119007983492e-03 1.176024201207103922e-02 1.965531645329776297e-02 1.462855117654786145e-02 3.147037143258736569e-02
1.575000000000000178e+00 3.336911809751286987e-03 6.200597643268294934e-03 1.063735985641471246e-02 1.815547151721220304e-02 1.338519488397862077e-02 2.801497239402379533e-02
1.584999999999999964e+00 2.805443752419685497e-03 5.981977774461293140e-03 9.588149832503792269e-03 1.627631072957131178e-02 1.217345588398269576e-02 2.451204492352054495e-02
1.595000000000000195e+00 2.384563925635873639e-03 5.817082421148309264e-03 9.007874766569928110e-03 1.419312826429210139e-02 1.129265946671959529e-02 2.149339064768784890e-02
1.604999999999999982e+00 2.108962738216914497e-03 5.676498712929287961e-03 8.724690456015949183e-03 1.216212376260678886e-02 1.037431774771761447e-02 1.849333135321498678e-02
1.615000000000000213e+00 1.881139943639066614e-03 5.457309385621490934e-03 8.676945551287649355e-03 1.035811470471114694e-02 9.612287696494345446e-03 1.577619604133426862e-02
1.625000000000000000e+00 1.733441409269789128e-03 5.265648110306711191e-03 8.698487446517548169e-03 8.873258596239356685e-03 9.101684165337355428e-03 1.372733374122341379e-02
1.635000000000000231e+00 1.602840751543331381e-03 5.069396023498326000e-03 8.629715098592102840e-03 7.976651533863085217e-03 0.000000000000000000e+00 1.224620168666353676e-02
1.645000000000000018e+00 1.498197444379153207e-03 4.387074418063091445e-03 8.529297772318387982e-03 7.275313286382944535e-03 0.000000000000000000e+00 0.000000000000000000e+00
1.655000000000000249e+00 1.467385225550279062e-03 3.439143399160967274e-03 8.457968344076251602e-03 6.810184375375306735e-03 0.000000000000000000e+00 0.000000000000000000e+00
1.665000000000000036e+00 1.352485567422078349e-03 2.581069233915387999e-03 8.114517815931568748e-03 6.610545318524973547e-03 0.000000000000000000e+00 0.000000000000000000e+00
1.674999999999999822e+00 1.263304760450525716e-03 1.824156731693024483e-03 7.621283855412252714e-03 6.597336797741533941e-03 0.000000000000000000e+00 0.000000000000000000e+00
1.685000000000000053e+00 1.100630663713286382e-03 1.403567741878645634e-03 7.067789179361115906e-03 6.588162449054993548e-03 0.000000000000000000e+00 0.000000000000000000e+00
1.694999999999999840e+00 -8.05065138228215350e-05 1.094979651103333406e-03 6.258518436370194560e-03 6.646441117266992452e-03 0.000000000000000000e+00 0.000000000000000000e+00
1.705000000000000071e+00 0.000000000000000000e+00 8.730130717332873448e-04 5.351574383124483962e-03 6.734041262586031550e-03 0.000000000000000000e+00 0.000000000000000000e+00
1.714999999999999858e+00 0.000000000000000000e+00 7.864093615831382802e-04 0.000000000000000000e+00 0.000000000000000000e+00 0.000000000000000000e+00 0.000000000000000000e+00
1.725000000000000089e+00 0.000000000000000000e+00 7.329272742375150460e-04 0.000000000000000000e+00 0.000000000000000000e+00 0.000000000000000000e+00 0.000000000000000000e+00
1.734999999999999876e+00 0.000000000000000000e+00 7.100885326877564218e-04 0.000000000000000000e+00 0.000000000000000000e+00 0.000000000000000000e+00 0.000000000000000000e+00
1.745000000000000107e+00 0.000000000000000000e+00 7.358604416019982062e-04 0.000000000000000000e+00 0.000000000000000000e+00 0.000000000000000000e+00 0.000000000000000000e+00
1.754999999999999893e+00 0.000000000000000000e+00 7.483750537997067853e-04 0.000000000000000000e+00 0.000000000000000000e+00 0.000000000000000000e+00 0.000000000000000000e+00
1.765000000000000124e+00 0.000000000000000000e+00 3.340639373164698859e-05 0.000000000000000000e+00 0.000000000000000000e+00 0.000000000000000000e+00 0.000000000000000000e+00
1.774999999999999911e+00 0.000000000000000000e+00 0.000000000000000000e+00 0.000000000000000000e+00 0.000000000000000000e+00 0.000000000000000000e+00 0.000000000000000000e+00
1.785000000000000142e+00 0.000000000000000000e+00 0.000000000000000000e+00 0.000000000000000000e+00 0.000000000000000000e+00 0.000000000000000000e+00 0.000000000000000000e+00
