6.544984694978734502e-03 2.531493283983545298e-02
1.090830782496455577e-02 1.352888677535214225e-02
1.527163095495037703e-02 8.221756270576434725e-03
1.963495408493621044e-02 5.141058936960118432e-03
2.399827721492203345e-02 3.678567529767241134e-03
2.836160034490785298e-02 2.891565522461546703e-03
3.272492347489367598e-02 2.422129773144752508e-03
3.708824660487950592e-02 1.905294417275181940e-03
4.145156973486533586e-02 1.592873785914588908e-03
4.581489286485114498e-02 1.443946215420258443e-03
5.017821599483696798e-02 1.210960577705047937e-03
5.454153912482280486e-02 9.070844579869070294e-04
5.890486225480862092e-02 5.495495495415933084e-04
6.326818538479445087e-02 3.047686669678725531e-04
6.763150851478026693e-02 7.973717833342211167e-05
7.199483164476608299e-02 -2.865487059591696571e-05
7.635815477475189905e-02 1.006438887353256671e-04
8.072147790473772899e-02 1.445095319264554871e-04
8.508480103472358669e-02 2.027407346201199711e-04
