3.926990816987241742e-03 5.322953615691104062e-02
6.544984694978734502e-03 3.150000317842737568e-02
9.162978572970228996e-03 2.073770251654462327e-02
1.178097245096172870e-02 1.419477488528333650e-02
1.439896632895321625e-02 1.019261003302356777e-02
1.701696020694471595e-02 7.390994207272302309e-03
1.963495408493620004e-02 5.313738468600435506e-03
2.225294796292769453e-02 4.113242394392406347e-03
2.487094184091919249e-02 3.616246619672679099e-03
2.748893571891068005e-02 2.961706690403331007e-03
3.010692959690218842e-02 2.516562916750554775e-03
3.272492347489367598e-02 1.966524164654033340e-03
3.534291735288518088e-02 1.691490493734215542e-03
3.796091123087667885e-02 1.413665467613430980e-03
4.057890510886816987e-02 1.255287537986901018e-03
4.319689898685966090e-02 1.091253296838547810e-03
4.581489286485114498e-02 9.195304066333567609e-04
4.843288674284264295e-02 7.790767245746704111e-04
5.105088062083414091e-02 6.914677602735943771e-04
5.366887449882562500e-02 7.922679692646800555e-04
5.628686837681712990e-02 7.675236687871924996e-04
5.890486225480862092e-02 7.024336457803403641e-04
6.152285613280011195e-02 5.571705243586528048e-04
6.414085001079160298e-02 3.912534521914031263e-04
6.675884388878311482e-02 2.503342711604811190e-04
6.937683776677458503e-02 7.085079804523849545e-05
7.199483164476608299e-02 1.135228690122509819e-04
7.461282552275756708e-02 2.974486845325258463e-05
7.723081940074907892e-02 7.074443112356318560e-05
7.984881327874059076e-02 7.739719468105231653e-05
8.246680715673207485e-02 -6.830944532137799843e-06
8.508480103472354505e-02 2.897335755579031960e-05
