6.544984694978734502e-03 2.048648206652247533e-02
1.090830782496455577e-02 1.048594525192550996e-02
1.527163095495037703e-02 6.090066536100109500e-03
1.963495408493621044e-02 3.549767555654428832e-03
2.399827721492203345e-02 2.357860009446926999e-03
2.836160034490785298e-02 1.703194711930079664e-03
3.272492347489367598e-02 1.542723140342708342e-03
3.708824660487950592e-02 1.276997188915492609e-03
4.145156973486533586e-02 1.111533072289128945e-03
4.581489286485114498e-02 8.837235080429857144e-04
5.017821599483696798e-02 6.422431201797291480e-04
5.454153912482280486e-02 3.019895064189702470e-04
5.890486225480862092e-02 1.165978341451406777e-04
6.326818538479445087e-02 1.875491774934748767e-04
6.763150851478026693e-02 1.434611296906811823e-04
7.199483164476608299e-02 4.482698713130057855e-06
7.635815477475189905e-02 -2.373327020485363676e-04
8.072147790473772899e-02 -2.705851744292429666e-04
8.508480103472358669e-02 -2.288598581943873927e-04
