5.235987755982988122e-03 3.195193051942029488e-02
8.726646259971644268e-03 1.816593781558390602e-02
1.221730476396030302e-02 1.144619599067195868e-02
1.570796326794896697e-02 7.881172441804385267e-03
1.919862177193762745e-02 5.342762817753041529e-03
2.268928027592628446e-02 4.030215707727352603e-03
2.617993877991494148e-02 3.194744023003884617e-03
2.967059728390360543e-02 2.741238217580134473e-03
3.316125578789226591e-02 2.385509098333961700e-03
3.665191429188092292e-02 1.953351413268267570e-03
4.014257279586957994e-02 1.663210064990762157e-03
4.363323129985823001e-02 1.506239953096699582e-03
4.712388980384690090e-02 1.393627796759655578e-03
5.061454830783555792e-02 1.180270694670264645e-03
5.410520681182421493e-02 9.332185577565880758e-04
5.759586531581287194e-02 6.754832216803999994e-04
6.108652381980154977e-02 3.819369039570255360e-04
6.457718232379021372e-02 2.441297901580006277e-04
6.806784082777887768e-02 6.826595411727373846e-05
7.155849933176751387e-02 -2.935456968548008828e-05
7.504915783575616395e-02 3.838539978713616170e-05
7.853981633974485566e-02 1.495454572375437313e-04
8.203047484373350573e-02 1.442958203960569832e-04
8.552113334772216968e-02 2.200790616382801781e-04
