2.617993877991493627e-03 7.432502224226539278e-02
4.363323129985822134e-03 4.808017170648049704e-02
6.108652381980156712e-03 3.354552355336663100e-02
7.853981633974483484e-03 2.498603577803973005e-02
9.599310885968808521e-03 1.902996085119303127e-02
1.134464013796314050e-02 1.461513182334095613e-02
1.308996938995747074e-02 1.169198763960341628e-02
1.483529864195180792e-02 9.204868056741774204e-03
1.658062789394613296e-02 7.375990542790803427e-03
1.832595714594045799e-02 5.877965246702206159e-03
2.007128639793479691e-02 4.696996473901886640e-03
2.181661564992912195e-02 3.821553322677410068e-03
2.356194490192344698e-02 3.511956795758911128e-03
2.530727415391777896e-02 3.184071577779896533e-03
2.705260340591210400e-02 2.638831649158907521e-03
2.879793265790644638e-02 2.437157765973641844e-03
3.054326190990077142e-02 2.102628063568558452e-03
3.228859116189510686e-02 1.699280565219472199e-03
3.403392041388943190e-02 1.454794402626112494e-03
3.577924966588375694e-02 1.378021737799251705e-03
3.752457891787809585e-02 1.172529574659639815e-03
3.926990816987242089e-02 1.027359350481978116e-03
4.101523742186675286e-02 9.132662787327808143e-04
4.276056667386108484e-02 8.279750122077896837e-04
4.450589592585541682e-02 7.295046202078750344e-04
4.625122517784973492e-02 5.720605002480033891e-04
4.799655442984406689e-02 4.789739847978255862e-04
4.974188368183841275e-02 4.758421489961620629e-04
5.148721293383273084e-02 3.500490436578904086e-04
5.323254218582707670e-02 5.008717421484237256e-04
5.497787143782139480e-02 4.581534482141913370e-04
5.672320068981571289e-02 5.169940591311785816e-04
5.846852994181003793e-02 4.407122022067449510e-04
6.021385919380437685e-02 3.824688281886474473e-04
6.195918844579872270e-02 2.618842540042133214e-04
6.370451769779303386e-02 1.513861951039971031e-04
6.544984694978735196e-02 3.293921255737616415e-05
6.719517620178169781e-02 1.446650854090883285e-05
6.894050545377604367e-02 -1.254011623462208047e-04
7.068583470577036176e-02 -1.604356958186761196e-04
7.243116395776469374e-02 -1.237070152150430383e-04
7.417649320975901184e-02 -1.323202206172970346e-04
7.592182246175335769e-02 -2.613091904999541239e-04
7.766715171374767579e-02 -1.270004906187859918e-04
7.941248096574199389e-02 -8.981531496791876417e-05
8.115781021773633974e-02 -2.038269291292930854e-04
8.290313946973067172e-02 -2.608370334489888958e-04
8.464846872172500369e-02 -1.750046254120891757e-04
8.639379797371933567e-02 -1.915836039251107110e-04
