2.617993877991493627e-03 5.793539124697627551e-02
4.363323129985822134e-03 3.820055189688354585e-02
6.108652381980156712e-03 2.746108485316722803e-02
7.853981633974483484e-03 2.056783768690699510e-02
9.599310885968808521e-03 1.619371177510246090e-02
1.134464013796314050e-02 1.269935170015120546e-02
1.308996938995747074e-02 1.035657281336099973e-02
1.483529864195180792e-02 8.578144873254372679e-03
1.658062789394613296e-02 7.255582614965470911e-03
1.832595714594045799e-02 5.926470855839863043e-03
2.007128639793479691e-02 4.808139688773904567e-03
2.181661564992912195e-02 4.308540758958262148e-03
2.356194490192344698e-02 3.771701265966398344e-03
2.530727415391777896e-02 3.357877694581551126e-03
2.705260340591210400e-02 3.041669284507970018e-03
2.879793265790644638e-02 2.831789848340818087e-03
3.054326190990077142e-02 2.655602369001214529e-03
3.228859116189510686e-02 2.490589062825377797e-03
3.403392041388943190e-02 2.285515497023331028e-03
3.577924966588375694e-02 2.008661501992004949e-03
3.752457891787809585e-02 1.900454238272650948e-03
3.926990816987242089e-02 1.719718236981443438e-03
4.101523742186675286e-02 1.608942492496901475e-03
4.276056667386108484e-02 1.519792412347071913e-03
4.450589592585541682e-02 1.493179643620507228e-03
4.625122517784973492e-02 1.432171675276235848e-03
4.799655442984406689e-02 1.356375173870247568e-03
4.974188368183841275e-02 1.235060079914533171e-03
5.148721293383273084e-02 1.127182062737399704e-03
5.323254218582707670e-02 1.026780555132141785e-03
5.497787143782139480e-02 8.423622862472944593e-04
5.672320068981571289e-02 7.674952810788612323e-04
5.846852994181003793e-02 5.859604916770768269e-04
6.021385919380437685e-02 4.283510485158289333e-04
6.195918844579872270e-02 3.367010881561039587e-04
6.370451769779303386e-02 3.119518407850494749e-04
6.544984694978735196e-02 1.779284989129339370e-04
6.719517620178169781e-02 7.725522334689512833e-05
6.894050545377604367e-02 5.947997478150467794e-05
7.068583470577036176e-02 -2.967142421948775553e-05
7.243116395776469374e-02 -2.904450630009134478e-05
7.417649320975901184e-02 -2.169972436620497481e-05
7.592182246175335769e-02 9.724681234743516611e-05
7.766715171374767579e-02 1.609933328109705228e-04
7.941248096574199389e-02 1.383196716632797648e-04
8.115781021773633974e-02 1.574011938858469589e-04
8.290313946973067172e-02 1.314331421108556896e-04
8.464846872172500369e-02 2.126111997434267152e-04
8.639379797371933567e-02 2.274148493360614710e-04
