5.235987755982988122e-03 2.614167995947190917e-02
8.726646259971644268e-03 1.424551990906991819e-02
1.221730476396030302e-02 8.776900231526508708e-03
1.570796326794896697e-02 5.698515934123706689e-03
1.919862177193762745e-02 3.641361821132062596e-03
2.268928027592628446e-02 2.588429463489693837e-03
2.617993877991494148e-02 1.795178786052978705e-03
2.967059728390360543e-02 1.590270589889659653e-03
3.316125578789226591e-02 1.450785956711610116e-03
3.665191429188092292e-02 1.237448008155849844e-03
4.014257279586957994e-02 1.085329847755088463e-03
4.363323129985823001e-02 9.642034338614385944e-04
4.712388980384690090e-02 7.683002442952671478e-04
5.061454830783555792e-02 5.661808395020861235e-04
5.410520681182421493e-02 3.067176246194625142e-04
5.759586531581287194e-02 6.256124991386852988e-05
6.108652381980154977e-02 1.436541451389260280e-04
6.457718232379021372e-02 1.311393235279396333e-04
6.806784082777887768e-02 1.162115076128616319e-04
7.155849933176751387e-02 -1.464486229311652767e-05
7.504915783575616395e-02 -2.115629161994952772e-04
7.853981633974485566e-02 -3.326497125905322283e-04
8.203047484373350573e-02 -2.645540645323225348e-04
8.552113334772216968e-02 -2.743308344992577115e-04
