3.926990816987241742e-03 4.116961768033740310e-02
6.544984694978734502e-03 2.488222557540666763e-02
9.162978572970228996e-03 1.650666307373373567e-02
1.178097245096172870e-02 1.146639701867021091e-02
1.439896632895321625e-02 8.353425015243961735e-03
1.701696020694471595e-02 6.299059960283195057e-03
1.963495408493620004e-02 4.458874825059726960e-03
2.225294796292769453e-02 3.564134795009101572e-03
2.487094184091919249e-02 2.889817369330046834e-03
2.748893571891068005e-02 2.433876903409594276e-03
3.010692959690218842e-02 2.165016334462119101e-03
3.272492347489367598e-02 1.925026928570327221e-03
3.534291735288518088e-02 1.558441136158777215e-03
3.796091123087667885e-02 1.337704818454095619e-03
4.057890510886816987e-02 1.145330641061234438e-03
4.319689898685966090e-02 1.035013504655492300e-03
4.581489286485114498e-02 9.407970326793554765e-04
4.843288674284264295e-02 8.352886208167737509e-04
5.105088062083414091e-02 6.877069763228341615e-04
5.366887449882562500e-02 5.129872864201210324e-04
5.628686837681712990e-02 3.176107177518689155e-04
5.890486225480862092e-02 8.715076397873054259e-05
6.152285613280011195e-02 -1.049027869314200442e-04
6.414085001079160298e-02 -1.670348510579852208e-04
6.675884388878311482e-02 -3.546663188347360740e-04
6.937683776677458503e-02 -4.001425015384080588e-04
7.199483164476608299e-02 -4.599304488107933218e-04
7.461282552275756708e-02 -4.215203805078558447e-04
7.723081940074907892e-02 -2.550074387968925588e-04
7.984881327874059076e-02 -2.635383026363735453e-04
8.246680715673207485e-02 -2.660456045527545554e-04
8.508480103472354505e-02 -1.918607397599596113e-04
