5.235987755982988122e-03 3.141244422551116300e-02
8.726646259971644268e-03 1.757862953016134724e-02
1.221730476396030302e-02 1.083645903459213092e-02
1.570796326794896697e-02 7.275972349506345214e-03
1.919862177193762745e-02 4.736296135458849949e-03
2.268928027592628446e-02 3.442245307301350626e-03
2.617993877991494148e-02 2.633032222356527716e-03
2.967059728390360543e-02 2.205196815334254084e-03
3.316125578789226591e-02 1.865856253900916289e-03
3.665191429188092292e-02 1.443119416597591145e-03
4.014257279586957994e-02 1.164251136098785064e-03
4.363323129985823001e-02 1.011622573500589248e-03
4.712388980384690090e-02 9.044523866721955983e-04
5.061454830783555792e-02 7.068070283562381990e-04
5.410520681182421493e-02 4.695091640144080734e-04
5.759586531581287194e-02 2.132437149289775143e-04
6.108652381980154977e-02 -7.538590397936016890e-05
6.457718232379021372e-02 -2.069753511406441252e-04
6.806784082777887768e-02 -3.720637390107371591e-04
7.155849933176751387e-02 -4.577171009544853944e-04
7.504915783575616395e-02 -3.815958177117589087e-04
7.853981633974485566e-02 -2.592846926636979167e-04
8.203047484373350573e-02 -2.632876996568374729e-04
8.552113334772216968e-02 -1.920765708561067246e-04
