3.926990816987241742e-03 3.776040707485794207e-02
6.544984694978734502e-03 2.246380259970770857e-02
9.162978572970228996e-03 1.501504007853328611e-02
1.178097245096172870e-02 1.081634147185863912e-02
1.439896632895321625e-02 8.217121198077645405e-03
1.701696020694471595e-02 6.332873922058810529e-03
1.963495408493620004e-02 5.074674766780464148e-03
2.225294796292769453e-02 3.964191044411417841e-03
2.487094184091919249e-02 3.504514468233244084e-03
2.748893571891068005e-02 3.047956668633790365e-03
3.010692959690218842e-02 2.528419886937303181e-03
3.272492347489367598e-02 2.447080958520501601e-03
3.534291735288518088e-02 2.269677987081436879e-03
3.796091123087667885e-02 2.352508815873312169e-03
4.057890510886816987e-02 2.281065752723534200e-03
4.319689898685966090e-02 2.242493136249571004e-03
4.581489286485114498e-02 2.072965062917593408e-03
4.843288674284264295e-02 1.855481158991138801e-03
5.105088062083414091e-02 1.716461115671417612e-03
5.366887449882562500e-02 1.638360445350834933e-03
5.628686837681712990e-02 1.494280683048752716e-03
5.890486225480862092e-02 1.286934594054181709e-03
6.152285613280011195e-02 1.183262498294125392e-03
6.414085001079160298e-02 1.257374918768884662e-03
6.675884388878311482e-02 1.208919844904466625e-03
6.937683776677458503e-02 1.108233910887994507e-03
7.199483164476608299e-02 1.046739207501821154e-03
7.461282552275756708e-02 1.020568617731968785e-03
7.723081940074907892e-02 9.467742706557559984e-04
7.984881327874059076e-02 8.551421081039332819e-04
8.246680715673207485e-02 9.640993806765319092e-04
8.508480103472354505e-02 1.037799854866390406e-03
