6.544984694978734502e-03 3.098834742758015126e-02
1.090830782496455577e-02 1.563598276296791767e-02
1.527163095495037703e-02 8.754568462800139256e-03
1.963495408493621044e-02 4.963114409548624421e-03
2.399827721492203345e-02 3.419837524322188755e-03
2.836160034490785298e-02 2.461301526300134490e-03
3.272492347489367598e-02 1.658829880498908496e-03
3.708824660487950592e-02 1.215372493097016931e-03
4.145156973486533586e-02 9.057804544404318096e-04
4.581489286485114498e-02 6.102657354312733063e-04
5.017821599483696798e-02 4.284651840435355638e-04
5.454153912482280486e-02 4.887874936662534595e-04
5.890486225480862092e-02 4.301071035656075267e-04
6.326818538479445087e-02 1.826873881716143799e-04
6.763150851478026693e-02 -5.032797132994959298e-05
7.199483164476608299e-02 -1.222557223062226063e-04
7.635815477475189905e-02 -1.982633693092122895e-04
8.072147790473772899e-02 -1.696433785892987201e-04
8.508480103472358669e-02 -1.993932101367847023e-04
