5.235987755982988122e-03 3.962336477378695238e-02
8.726646259971644268e-03 2.171543012572510131e-02
1.221730476396030302e-02 1.305153745669205938e-02
1.570796326794896697e-02 8.241078445655667523e-03
1.919862177193762745e-02 5.261566704798730301e-03
2.268928027592628446e-02 3.661043642005746418e-03
2.617993877991494148e-02 2.902777836432452862e-03
2.967059728390360543e-02 2.265226160508362636e-03
3.316125578789226591e-02 1.574004710247772212e-03
3.665191429188092292e-02 1.272985084049042164e-03
4.014257279586957994e-02 9.691590886610359059e-04
4.363323129985823001e-02 7.778293250453653619e-04
4.712388980384690090e-02 5.247245478869315286e-04
5.061454830783555792e-02 4.119538239204368181e-04
5.410520681182421493e-02 4.791992063504433284e-04
5.759586531581287194e-02 4.783303136406643935e-04
6.108652381980154977e-02 3.214014189858149773e-04
6.457718232379021372e-02 9.144654960324911984e-05
6.806784082777887768e-02 -5.626721482859400956e-05
7.155849933176751387e-02 -1.418723551017464285e-04
7.504915783575616395e-02 -1.974783322596570254e-04
7.853981633974485566e-02 -1.082257512886898170e-04
8.203047484373350573e-02 -2.325983533437468785e-04
8.552113334772216968e-02 -1.833680398731179063e-04
