3.926990816987241742e-03 3.472893562043600363e-02
6.544984694978734502e-03 2.049364225671737594e-02
9.162978572970228996e-03 1.328199632120909482e-02
1.178097245096172870e-02 9.290431871054537563e-03
1.439896632895321625e-02 6.701679206098798067e-03
1.701696020694471595e-02 4.831298882050574436e-03
1.963495408493620004e-02 3.429327287895156309e-03
2.225294796292769453e-02 2.670461951711985537e-03
2.487094184091919249e-02 2.069923116307639723e-03
2.748893571891068005e-02 1.655499491315153872e-03
3.010692959690218842e-02 1.576363233744387674e-03
3.272492347489367598e-02 1.503225585052788077e-03
3.534291735288518088e-02 1.326071790642831217e-03
3.796091123087667885e-02 1.132317814731241112e-03
4.057890510886816987e-02 1.075741504791516813e-03
4.319689898685966090e-02 9.840123439634747109e-04
4.581489286485114498e-02 8.230761074033112390e-04
4.843288674284264295e-02 7.351196560896219824e-04
5.105088062083414091e-02 5.240397595658326637e-04
5.366887449882562500e-02 3.287311187468262494e-04
5.628686837681712990e-02 1.263838170777476508e-04
5.890486225480862092e-02 8.156277791949028842e-05
6.152285613280011195e-02 1.474199338644045407e-04
6.414085001079160298e-02 1.453356401779592447e-04
6.675884388878311482e-02 1.142585105138194400e-04
6.937683776677458503e-02 6.441455266349410799e-05
7.199483164476608299e-02 -1.358688476082037012e-05
7.461282552275756708e-02 -1.809941965460090370e-04
7.723081940074907892e-02 -3.101647519912565710e-04
7.984881327874059076e-02 -3.180493147027510991e-04
8.246680715673207485e-02 -2.679628864073746453e-04
8.508480103472354505e-02 -2.783538741635164853e-04
