2.617993877991493627e-03 7.474229805820649386e-02
4.363323129985822134e-03 4.852625177651491428e-02
6.108652381980156712e-03 3.399769280151796608e-02
7.853981633974483484e-03 2.542878581616031183e-02
9.599310885968808521e-03 1.946113594292181448e-02
1.134464013796314050e-02 1.503335079329943397e-02
1.308996938995747074e-02 1.208456328688096819e-02
1.483529864195180792e-02 9.586184124813327406e-03
1.658062789394613296e-02 7.766670771365754948e-03
1.832595714594045799e-02 6.259042147265715499e-03
2.007128639793479691e-02 5.065004317193528942e-03
2.181661564992912195e-02 4.187451484108223147e-03
2.356194490192344698e-02 3.870888810584620105e-03
2.530727415391777896e-02 3.542018984106434006e-03
2.705260340591210400e-02 3.001323038081680356e-03
2.879793265790644638e-02 2.779380279956105738e-03
3.054326190990077142e-02 2.440170775762374230e-03
3.228859116189510686e-02 2.023934252222017813e-03
3.403392041388943190e-02 1.772967697222682009e-03
3.577924966588375694e-02 1.691252659394710135e-03
3.752457891787809585e-02 1.476062389082664949e-03
3.926990816987242089e-02 1.321289489872701228e-03
4.101523742186675286e-02 1.209730644346905699e-03
4.276056667386108484e-02 1.124020094265342808e-03
4.450589592585541682e-02 1.021297848031970388e-03
4.625122517784973492e-02 8.729526616877142505e-04
4.799655442984406689e-02 7.805305359050344156e-04
4.974188368183841275e-02 7.763058005613049936e-04
5.148721293383273084e-02 6.500040890604659579e-04
5.323254218582707670e-02 7.922192398292000502e-04
5.497787143782139480e-02 7.480945763780288927e-04
5.672320068981571289e-02 7.983953824745496737e-04
5.846852994181003793e-02 7.164851330794878544e-04
6.021385919380437685e-02 6.493218977139829156e-04
6.195918844579872270e-02 5.243481004401062120e-04
6.370451769779303386e-02 4.113372028635110464e-04
6.544984694978735196e-02 2.898650954227962825e-04
6.719517620178169781e-02 2.609855683498682900e-04
6.894050545377604367e-02 1.065815233818610049e-04
7.068583470577036176e-02 6.714234396484971450e-05
7.243116395776469374e-02 1.039503127417870768e-04
7.417649320975901184e-02 9.687191256859548007e-05
7.592182246175335769e-02 -3.871006455057567335e-05
7.766715171374767579e-02 9.358008705771170201e-05
7.941248096574199389e-02 1.276624476441811480e-04
8.115781021773633974e-02 1.752750383263362028e-05
8.290313946973067172e-02 -3.799940302540131425e-05
8.464846872172500369e-02 4.663751132749130831e-05
8.639379797371933567e-02 2.996848592075079565e-05
