2.617993877991493627e-03 5.356793722113022127e-02
4.363323129985822134e-03 3.439234665181021416e-02
6.108652381980156712e-03 2.427129675711151013e-02
7.853981633974483484e-03 1.831148900660090409e-02
9.599310885968808521e-03 1.404019166066478377e-02
1.134464013796314050e-02 1.112901136128705698e-02
1.308996938995747074e-02 9.700486049078546266e-03
1.483529864195180792e-02 7.776416999165498140e-03
1.658062789394613296e-02 6.483161201107864174e-03
1.832595714594045799e-02 5.767995506911575802e-03
2.007128639793479691e-02 4.877650076474968587e-03
2.181661564992912195e-02 4.134481179413540194e-03
2.356194490192344698e-02 3.604427378220338186e-03
2.530727415391777896e-02 3.474329952597427548e-03
2.705260340591210400e-02 3.150856099776363876e-03
2.879793265790644638e-02 2.729227625195287336e-03
3.054326190990077142e-02 2.488951522673068552e-03
3.228859116189510686e-02 2.392757091644607398e-03
3.403392041388943190e-02 2.433852138522546536e-03
3.577924966588375694e-02 2.245969626586872669e-03
3.752457891787809585e-02 2.277857667966124572e-03
3.926990816987242089e-02 2.424232704545514067e-03
4.101523742186675286e-02 2.246238174527006356e-03
4.276056667386108484e-02 2.184240758074417962e-03
4.450589592585541682e-02 2.283506803645656783e-03
4.625122517784973492e-02 2.005011874909242396e-03
4.799655442984406689e-02 1.844605706068361143e-03
4.974188368183841275e-02 1.783598686738450782e-03
5.148721293383273084e-02 1.728417399072589532e-03
5.323254218582707670e-02 1.685580186207652920e-03
5.497787143782139480e-02 1.559233830289180004e-03
5.672320068981571289e-02 1.456091838683546509e-03
5.846852994181003793e-02 1.340837470127343844e-03
6.021385919380437685e-02 1.163123608259942045e-03
6.195918844579872270e-02 1.201922331452845655e-03
6.370451769779303386e-02 1.239601404234526826e-03
6.544984694978735196e-02 1.263251476244029196e-03
6.719517620178169781e-02 1.196319773815617861e-03
6.894050545377604367e-02 1.112024959315245382e-03
7.068583470577036176e-02 1.057371256463051842e-03
7.243116395776469374e-02 1.062629823070547963e-03
7.417649320975901184e-02 1.021552993824874616e-03
7.592182246175335769e-02 9.843226096341783568e-04
7.766715171374767579e-02 9.450069404987073134e-04
7.941248096574199389e-02 8.676294227860274029e-04
8.115781021773633974e-02 8.855695544884279423e-04
8.290313946973067172e-02 9.759341134973626829e-04
8.464846872172500369e-02 1.053487384152127729e-03
8.639379797371933567e-02 1.000836873116376464e-03
