5.235987755982988122e-03 2.850339609438808444e-02
8.726646259971644268e-03 1.596606858354579841e-02
1.221730476396030302e-02 1.036489987415377227e-02
1.570796326794896697e-02 7.094888173805585958e-03
1.919862177193762745e-02 5.303288683961806214e-03
2.268928027592628446e-02 3.859675728871923232e-03
2.617993877991494148e-02 3.307447463571274934e-03
2.967059728390360543e-02 2.605737617461281654e-03
3.316125578789226591e-02 2.413814395185133552e-03
3.665191429188092292e-02 2.262269024693393075e-03
4.014257279586957994e-02 2.333435519146955482e-03
4.363323129985823001e-02 2.234791599642882952e-03
4.712388980384690090e-02 1.923442339819506552e-03
5.061454830783555792e-02 1.755573019778983212e-03
5.410520681182421493e-02 1.621480002758305099e-03
5.759586531581287194e-02 1.397674724892571541e-03
6.108652381980154977e-02 1.182772468143294866e-03
6.457718232379021372e-02 1.251569481733549438e-03
6.806784082777887768e-02 1.153690450574336489e-03
7.155849933176751387e-02 1.060029029875356188e-03
7.504915783575616395e-02 1.002746177565632659e-03
7.853981633974485566e-02 9.059392744617272451e-04
8.203047484373350573e-02 9.311741308831876420e-04
8.552113334772216968e-02 1.026927341993137330e-03
