5.235987755982988122e-03 4.007298774107808520e-02
8.726646259971644268e-03 2.215182410456212683e-02
1.221730476396030302e-02 1.345603975898794144e-02
1.570796326794896697e-02 8.627329261313612663e-03
1.919862177193762745e-02 5.635822275249859764e-03
2.268928027592628446e-02 4.023330199227880162e-03
2.617993877991494148e-02 3.263069495243166307e-03
2.967059728390360543e-02 2.605043462177037555e-03
3.316125578789226591e-02 1.895337791284254459e-03
3.665191429188092292e-02 1.581258831974820733e-03
4.014257279586957994e-02 1.264381947223286321e-03
4.363323129985823001e-02 1.071709146182657025e-03
4.712388980384690090e-02 8.259545501291741488e-04
5.061454830783555792e-02 7.121591447922648440e-04
5.410520681182421493e-02 7.698331861035664090e-04
5.759586531581287194e-02 7.568788514485770081e-04
6.108652381980154977e-02 5.860316539201271269e-04
6.457718232379021372e-02 3.498666926967990642e-04
6.806784082777887768e-02 1.829005059395842007e-04
7.155849933176751387e-02 8.574574198240864651e-05
7.504915783575616395e-02 2.838335752209469900e-05
7.853981633974485566e-02 1.107882005558440781e-04
8.203047484373350573e-02 -1.049541208692939116e-05
8.552113334772216968e-02 3.822865030454493499e-05
