5.235987755982988122e-03 5.208807091025738356e-02
8.726646259971644268e-03 3.162167775120784674e-02
1.221730476396030302e-02 2.021125959899984850e-02
1.570796326794896697e-02 1.350066174299692848e-02
1.919862177193762745e-02 9.955208707942104357e-03
2.268928027592628446e-02 7.087771202826874742e-03
2.617993877991494148e-02 5.316041871724577587e-03
2.967059728390360543e-02 4.124699572705936394e-03
3.316125578789226591e-02 3.494700976835457464e-03
3.665191429188092292e-02 2.776624949773249303e-03
4.014257279586957994e-02 2.381263475316141263e-03
4.363323129985823001e-02 2.031491398369399820e-03
4.712388980384690090e-02 1.652628440861757426e-03
5.061454830783555792e-02 1.258831085337537353e-03
5.410520681182421493e-02 8.780529580493948508e-04
5.759586531581287194e-02 7.912051719344929132e-04
6.108652381980154977e-02 8.208081927066003709e-04
6.457718232379021372e-02 8.064641558646099646e-04
6.806784082777887768e-02 8.501639244252474220e-04
7.155849933176751387e-02 7.021412098518320767e-04
7.504915783575616395e-02 5.275475506849531052e-04
7.853981633974485566e-02 6.811136893359573570e-04
8.203047484373350573e-02 7.170693260553354835e-04
8.552113334772216968e-02 4.406330746047287610e-04
