6.544984694978734502e-03 2.040233465713768915e-02
1.090830782496455577e-02 1.040332117031236327e-02
1.527163095495037703e-02 6.006416309107007016e-03
1.963495408493621044e-02 3.463643825046301868e-03
2.399827721492203345e-02 2.270303358099384772e-03
2.836160034490785298e-02 1.624989803208517136e-03
3.272492347489367598e-02 1.472423356903105642e-03
3.708824660487950592e-02 1.211943742877843490e-03
4.145156973486533586e-02 1.054806202883162023e-03
4.581489286485114498e-02 8.329411791852908654e-04
5.017821599483696798e-02 5.950854089319067546e-04
5.454153912482280486e-02 2.614867315001207404e-04
5.890486225480862092e-02 7.935296559261052990e-05
6.326818538479445087e-02 1.555670824951632984e-04
6.763150851478026693e-02 1.110044397239305766e-04
7.199483164476608299e-02 -3.081288306353656940e-05
7.635815477475189905e-02 -2.761923703325189108e-04
8.072147790473772899e-02 -3.071616526985007927e-04
8.508480103472358669e-02 -2.640734078172605700e-04
