3.926990816987241742e-03 4.179889404341548265e-02
6.544984694978734502e-03 2.572808900696033768e-02
9.162978572970228996e-03 1.793962773242532838e-02
1.178097245096172870e-02 1.326297228518989735e-02
1.439896632895321625e-02 1.076214681762091042e-02
1.701696020694471595e-02 8.425605958576116994e-03
1.963495408493620004e-02 7.099536727706548707e-03
2.225294796292769453e-02 6.166657098386314588e-03
2.487094184091919249e-02 5.619038491366390962e-03
2.748893571891068005e-02 5.318548323352740616e-03
3.010692959690218842e-02 4.170529583609652868e-03
3.272492347489367598e-02 4.342693530912449321e-03
3.534291735288518088e-02 4.217768080461253323e-03
3.796091123087667885e-02 3.953329675794587175e-03
4.057890510886816987e-02 3.546680681651848653e-03
4.319689898685966090e-02 3.461498444098105431e-03
4.581489286485114498e-02 3.252262719547147681e-03
4.843288674284264295e-02 2.967059757059662111e-03
5.105088062083414091e-02 3.083284628689842311e-03
5.366887449882562500e-02 3.312054960644970295e-03
5.628686837681712990e-02 3.269133485462584216e-03
5.890486225480862092e-02 3.276434040509154134e-03
6.152285613280011195e-02 3.111078177322096436e-03
6.414085001079160298e-02 3.291233510300583219e-03
6.675884388878311482e-02 3.010788253943197986e-03
6.937683776677458503e-02 3.028695175760255393e-03
7.199483164476608299e-02 3.022135951157755001e-03
7.461282552275756708e-02 2.926908978129468247e-03
7.723081940074907892e-02 2.819070034597538719e-03
7.984881327874059076e-02 2.822123069013723722e-03
8.246680715673207485e-02 2.808130107732513710e-03
8.508480103472354505e-02 2.902728835369087958e-03
