5.235987755982988122e-03 2.673563449367467176e-02
8.726646259971644268e-03 1.425042095953465808e-02
1.221730476396030302e-02 8.706871926260727548e-03
1.570796326794896697e-02 5.446517162974914492e-03
1.919862177193762745e-02 3.694255864990480739e-03
2.268928027592628446e-02 2.277491592894143047e-03
2.617993877991494148e-02 1.759405099015252504e-03
2.967059728390360543e-02 1.092118340864141161e-03
3.316125578789226591e-02 9.412701626829949155e-04
3.665191429188092292e-02 8.340878190831539076e-04
4.014257279586957994e-02 9.176146289211771544e-04
4.363323129985823001e-02 8.447893908716243251e-04
4.712388980384690090e-02 5.611514397704732600e-04
5.061454830783555792e-02 4.022102027471166348e-04
5.410520681182421493e-02 2.683024318875390718e-04
5.759586531581287194e-02 5.742496782719932146e-05
6.108652381980154977e-02 -1.429277814665099334e-04
6.457718232379021372e-02 -5.227977553555717945e-05
6.806784082777887768e-02 -1.297799944217715225e-04
7.155849933176751387e-02 -2.138606963131350154e-04
7.504915783575616395e-02 -2.527681331996247272e-04
7.853981633974485566e-02 -3.398162821902483283e-04
8.203047484373350573e-02 -2.967753452782564971e-04
8.552113334772216968e-02 -1.787324632154361104e-04
