3.926990816987241742e-03 3.761762232488774504e-02
6.544984694978734502e-03 2.167111722097327109e-02
9.162978572970228996e-03 1.398200086894587323e-02
1.178097245096172870e-02 9.498571808115778212e-03
1.439896632895321625e-02 7.071099609488466602e-03
1.701696020694471595e-02 4.767077115306463803e-03
1.963495408493620004e-02 3.477591501139432831e-03
2.225294796292769453e-02 2.578471841301628337e-03
2.487094184091919249e-02 2.085950378973139372e-03
2.748893571891068005e-02 1.864859014818304314e-03
3.010692959690218842e-02 6.917502236636326272e-04
3.272492347489367598e-02 9.193880482142855783e-04
3.534291735288518088e-02 8.297810548196835447e-04
3.796091123087667885e-02 6.277756011968621628e-04
4.057890510886816987e-02 2.415546428031176444e-04
4.319689898685966090e-02 2.023578226125015140e-04
4.581489286485114498e-02 8.167546914733754863e-06
4.843288674284264295e-02 -2.540457504233752388e-04
5.105088062083414091e-02 -1.628938608552415838e-04
5.366887449882562500e-02 1.271770213959518968e-04
5.628686837681712990e-02 9.856060496797261353e-05
5.890486225480862092e-02 1.218873307028707346e-04
6.152285613280011195e-02 1.386179455504994174e-05
6.414085001079160298e-02 2.215743949157055143e-04
6.675884388878311482e-02 -2.319283898324232316e-05
6.937683776677458503e-02 1.213677515065712589e-05
7.199483164476608299e-02 5.020504383728198754e-05
7.461282552275756708e-02 -1.835511250055152417e-05
7.723081940074907892e-02 -6.804073877751433549e-05
7.984881327874059076e-02 -6.647610942950655849e-05
8.246680715673207485e-02 -3.407784324294829914e-05
8.508480103472354505e-02 7.191840626981093633e-05
