2.617993877991493627e-03 5.793725547085362693e-02
4.363323129985822134e-03 3.833487843716888027e-02
6.108652381980156712e-03 2.744276177000154471e-02
7.853981633974483484e-03 2.151592551812848281e-02
9.599310885968808521e-03 1.692642502989983797e-02
1.134464013796314050e-02 1.344149092626670261e-02
1.308996938995747074e-02 1.229844555275529799e-02
1.483529864195180792e-02 1.033565481139127155e-02
1.658062789394613296e-02 8.852759488994997247e-03
1.832595714594045799e-02 7.394538194627617821e-03
2.007128639793479691e-02 7.067547286080638758e-03
2.181661564992912195e-02 6.391023253901065987e-03
2.356194490192344698e-02 5.787951440581139660e-03
2.530727415391777896e-02 5.517843382459629645e-03
2.705260340591210400e-02 5.301358641905740306e-03
2.879793265790644638e-02 4.811048480439257015e-03
3.054326190990077142e-02 4.115130361411652171e-03
3.228859116189510686e-02 4.398227447116494215e-03
3.403392041388943190e-02 4.055910950300849541e-03
3.577924966588375694e-02 4.380653630073771780e-03
3.752457891787809585e-02 3.959342891032653286e-03
3.926990816987242089e-02 3.893277908902920050e-03
4.101523742186675286e-02 3.401525222991591633e-03
4.276056667386108484e-02 3.486116164550166503e-03
4.450589592585541682e-02 3.455537906638472476e-03
4.625122517784973492e-02 3.133235794854244329e-03
4.799655442984406689e-02 2.978933081138817468e-03
4.974188368183841275e-02 3.017775237730898653e-03
5.148721293383273084e-02 3.079769723524292992e-03
5.323254218582707670e-02 3.189699716657765950e-03
5.497787143782139480e-02 3.492600945576409925e-03
5.672320068981571289e-02 3.188116953386824735e-03
5.846852994181003793e-02 3.246000761518568443e-03
6.021385919380437685e-02 3.144937564687816899e-03
6.195918844579872270e-02 3.187013631491135684e-03
6.370451769779303386e-02 3.260724560745455278e-03
6.544984694978735196e-02 3.173353112384778851e-03
6.719517620178169781e-02 3.017235772155827615e-03
6.894050545377604367e-02 2.967152666030024779e-03
7.068583470577036176e-02 3.112074179285396255e-03
7.243116395776469374e-02 2.996213892459680117e-03
7.417649320975901184e-02 2.932627357478246374e-03
7.592182246175335769e-02 2.825273849465357538e-03
7.766715171374767579e-02 2.860077391301964287e-03
7.941248096574199389e-02 2.724682610649005726e-03
8.115781021773633974e-02 2.914888673171736264e-03
8.290313946973067172e-02 2.804006546198518652e-03
8.464846872172500369e-02 2.858707504751223719e-03
8.639379797371933567e-02 2.988066059415545126e-03
