5.235987755982988122e-03 2.622495149872529352e-02
8.726646259971644268e-03 1.433022521143489589e-02
1.221730476396030302e-02 8.858285017398092112e-03
1.570796326794896697e-02 5.782922908930002680e-03
1.919862177193762745e-02 3.727639264855012527e-03
2.268928027592628446e-02 2.676604356130947611e-03
2.617993877991494148e-02 1.878843785559727343e-03
2.967059728390360543e-02 1.665232220602593047e-03
3.316125578789226591e-02 1.520648541862573569e-03
3.665191429188092292e-02 1.303248006825815861e-03
4.014257279586957994e-02 1.145374248183371642e-03
4.363323129985823001e-02 1.016819065833152050e-03
4.712388980384690090e-02 8.179796894101067301e-04
5.061454830783555792e-02 6.128440829258449858e-04
5.410520681182421493e-02 3.474983803603596492e-04
5.759586531581287194e-02 1.010992160754889787e-04
6.108652381980154977e-02 1.777771081951940173e-04
6.457718232379021372e-02 1.629500440088880629e-04
6.806784082777887768e-02 1.487090109763272304e-04
7.155849933176751387e-02 2.055932136427716678e-05
7.504915783575616395e-02 -1.737545863801167754e-04
7.853981633974485566e-02 -2.944844586579338118e-04
8.203047484373350573e-02 -2.283505581950834112e-04
8.552113334772216968e-02 -2.392828417592720170e-04
