2.617993877991493627e-03 9.191626956572168661e-02
4.363323129985822134e-03 6.094111334860665558e-02
6.108652381980156712e-03 4.519481531866247764e-02
7.853981633974483484e-03 3.516275372711447078e-02
9.599310885968808521e-03 2.824268782336838632e-02
1.134464013796314050e-02 2.236110793726778928e-02
1.308996938995747074e-02 1.790477025225604285e-02
1.483529864195180792e-02 1.453076799299813683e-02
1.658062789394613296e-02 1.214181121813226114e-02
1.832595714594045799e-02 1.049994297287477375e-02
2.007128639793479691e-02 9.026826542533065295e-03
2.181661564992912195e-02 7.417159097279319574e-03
2.356194490192344698e-02 6.362412586428319548e-03
2.530727415391777896e-02 5.470455836212201849e-03
2.705260340591210400e-02 4.748525337389735042e-03
2.879793265790644638e-02 4.060718047464629069e-03
3.054326190990077142e-02 3.776395350942058932e-03
3.228859116189510686e-02 3.572590901095541553e-03
3.403392041388943190e-02 3.030021442737887948e-03
3.577924966588375694e-02 2.668013667574663413e-03
3.752457891787809585e-02 2.512095945312965706e-03
3.926990816987242089e-02 2.279674237815333595e-03
4.101523742186675286e-02 2.134610112059294896e-03
4.276056667386108484e-02 2.027519200173255338e-03
4.450589592585541682e-02 1.732591883344871114e-03
4.625122517784973492e-02 1.540368214220902161e-03
4.799655442984406689e-02 1.481813982508036528e-03
4.974188368183841275e-02 1.214667533598588062e-03
5.148721293383273084e-02 1.041057470374092504e-03
5.323254218582707670e-02 8.030715568956570127e-04
5.497787143782139480e-02 6.974168681024837425e-04
5.672320068981571289e-02 6.551658866928486815e-04
5.846852994181003793e-02 6.651495987472042393e-04
6.021385919380437685e-02 7.601045925504986301e-04
6.195918844579872270e-02 6.178736308562572188e-04
6.370451769779303386e-02 6.378341009533263113e-04
6.544984694978735196e-02 6.881575814134767216e-04
6.719517620178169781e-02 7.407088113890798091e-04
6.894050545377604367e-02 6.693155803563694863e-04
7.068583470577036176e-02 6.008639596751705857e-04
7.243116395776469374e-02 4.985942586108070215e-04
7.417649320975901184e-02 3.375012316407307732e-04
7.592182246175335769e-02 4.095853827594998385e-04
7.766715171374767579e-02 5.491020646813420851e-04
7.941248096574199389e-02 4.973708202496796103e-04
8.115781021773633974e-02 5.904374628190104096e-04
8.290313946973067172e-02 5.241422326690586180e-04
8.464846872172500369e-02 3.763435471381436684e-04
8.639379797371933567e-02 1.997858596256156570e-04
