6.544984694978734502e-03 2.245177434780804698e-02
1.090830782496455577e-02 1.195426335378536355e-02
1.527163095495037703e-02 7.465756976199325844e-03
1.963495408493621044e-02 5.058755856041778111e-03
2.399827721492203345e-02 3.640665844275262943e-03
2.836160034490785298e-02 2.828196175869603438e-03
3.272492347489367598e-02 2.438052779518548683e-03
3.708824660487950592e-02 2.311300893712622644e-03
4.145156973486533586e-02 2.241200813903608188e-03
4.581489286485114498e-02 2.092463438376730885e-03
5.017821599483696798e-02 1.761592843940387168e-03
5.454153912482280486e-02 1.618316491387000386e-03
5.890486225480862092e-02 1.261963401925506826e-03
6.326818538479445087e-02 1.235605683163311375e-03
6.763150851478026693e-02 1.169492784984637896e-03
7.199483164476608299e-02 1.046842781869393533e-03
7.635815477475189905e-02 9.807085436373875510e-04
8.072147790473772899e-02 8.803341382447865812e-04
8.508480103472358669e-02 1.032741509542235226e-03
