6.544984694978734502e-03 2.070798543172352318e-02
1.090830782496455577e-02 1.027143359634033470e-02
1.527163095495037703e-02 5.818726981747246625e-03
1.963495408493621044e-02 3.455307097278729252e-03
2.399827721492203345e-02 2.069116423447118699e-03
2.836160034490785298e-02 1.300670275986230478e-03
3.272492347489367598e-02 9.612868830416296164e-04
3.708824660487950592e-02 8.823868286819389105e-04
4.145156973486533586e-02 8.364056037477562424e-04
4.581489286485114498e-02 7.188803268750857843e-04
5.017821599483696798e-02 4.091342075649716291e-04
5.454153912482280486e-02 2.680161133444651511e-04
5.890486225480862092e-02 -7.488740395104134817e-05
6.326818538479445087e-02 -7.630566671193339165e-05
6.763150851478026693e-02 -1.163823746408304007e-04
7.199483164476608299e-02 -2.262631847876303592e-04
7.635815477475189905e-02 -2.736909052459678029e-04
8.072147790473772899e-02 -3.506801656653336344e-04
8.508480103472358669e-02 -1.759209885463101680e-04
