2.617993877991493627e-03 5.747272820038087232e-02
4.363323129985822134e-03 3.768130646410496054e-02
6.108652381980156712e-03 2.690705155863097955e-02
7.853981633974483484e-03 1.998822518288810232e-02
9.599310885968808521e-03 1.560008440066868590e-02
1.134464013796314050e-02 1.209527954012273865e-02
1.308996938995747074e-02 9.741910309269562543e-03
1.483529864195180792e-02 7.973291286568382277e-03
1.658062789394613296e-02 6.650071527298463160e-03
1.832595714594045799e-02 5.315763375449534568e-03
2.007128639793479691e-02 4.205557212202135596e-03
2.181661564992912195e-02 3.711005843738904558e-03
2.356194490192344698e-02 3.192614614442115979e-03
2.530727415391777896e-02 2.788917802732329091e-03
2.705260340591210400e-02 2.486758660328337953e-03
2.879793265790644638e-02 2.292827054082343958e-03
3.054326190990077142e-02 2.122323771992569441e-03
3.228859116189510686e-02 1.965554045340204680e-03
3.403392041388943190e-02 1.770984315690609257e-03
3.577924966588375694e-02 1.491630043226315839e-03
3.752457891787809585e-02 1.396725088611205316e-03
3.926990816987242089e-02 1.219519253368911860e-03
4.101523742186675286e-02 1.111174463194963651e-03
4.276056667386108484e-02 1.021641110028669551e-03
4.450589592585541682e-02 1.001967861100128360e-03
4.625122517784973492e-02 9.392505467630630827e-04
4.799655442984406689e-02 8.708200183724040897e-04
4.974188368183841275e-02 7.565225286126400208e-04
5.148721293383273084e-02 6.586348057727746310e-04
5.323254218582707670e-02 5.601010995131781032e-04
5.497787143782139480e-02 3.815370843477686679e-04
5.672320068981571289e-02 3.052717290659325965e-04
5.846852994181003793e-02 1.237054830095695650e-04
6.021385919380437685e-02 -3.146960115157864361e-05
6.195918844579872270e-02 -1.181872738461289314e-04
6.370451769779303386e-02 -1.392989150774638564e-04
6.544984694978735196e-02 -2.730344948155768742e-04
6.719517620178169781e-02 -3.697559871358906472e-04
6.894050545377604367e-02 -3.743192820626548814e-04
7.068583470577036176e-02 -4.592989075483805959e-04
7.243116395776469374e-02 -4.561691785211026071e-04
7.417649320975901184e-02 -4.455995483682057435e-04
7.592182246175335769e-02 -3.188955863606781943e-04
7.766715171374767579e-02 -2.504561846779035329e-04
7.941248096574199389e-02 -2.679419147445141324e-04
8.115781021773633974e-02 -2.504962255909329869e-04
8.290313946973067172e-02 -2.758422718483999575e-04
8.464846872172500369e-02 -1.980038622259566023e-04
8.639379797371933567e-02 -1.862540855486207955e-04
