6.544984694978734502e-03 4.198745753395352609e-02
1.090830782496455577e-02 2.363178634937781672e-02
1.527163095495037703e-02 1.393294835058455500e-02
1.963495408493621044e-02 9.269849616607709480e-03
2.399827721492203345e-02 6.149276948073184590e-03
2.836160034490785298e-02 4.278332003830784790e-03
3.272492347489367598e-02 3.373198430480968141e-03
3.708824660487950592e-02 2.531352597160251971e-03
4.145156973486533586e-02 2.111654019084624641e-03
4.581489286485114498e-02 1.595932454313287938e-03
5.017821599483696798e-02 1.201894744803887411e-03
5.454153912482280486e-02 7.231338437417243184e-04
5.890486225480862092e-02 7.084106882769480515e-04
6.326818538479445087e-02 6.508573778480649221e-04
6.763150851478026693e-02 6.914553305939876229e-04
7.199483164476608299e-02 5.054037606401044769e-04
7.635815477475189905e-02 4.526132550049183161e-04
8.072147790473772899e-02 5.544848423573048388e-04
8.508480103472358669e-02 3.201877132727032056e-04
