2.617993877991493627e-03 5.359615349656166039e-02
4.363323129985822134e-03 3.418566145056052552e-02
6.108652381980156712e-03 2.337556463483186908e-02
7.853981633974483484e-03 1.750775383241287217e-02
9.599310885968808521e-03 1.297829935601128512e-02
1.134464013796314050e-02 9.675292292192060745e-03
1.308996938995747074e-02 8.548703580704017368e-03
1.483529864195180792e-02 6.666538916901389514e-03
1.658062789394613296e-02 5.173229458760564801e-03
1.832595714594045799e-02 3.777782084895602195e-03
2.007128639793479691e-02 3.441939553300872763e-03
2.181661564992912195e-02 2.778446862576955129e-03
2.356194490192344698e-02 2.266470032348230895e-03
2.530727415391777896e-02 1.969801494270737377e-03
2.705260340591210400e-02 1.839061770952651670e-03
2.879793265790644638e-02 1.345878403639016964e-03
3.054326190990077142e-02 6.428436339671300247e-04
3.228859116189510686e-02 9.555766826096884735e-04
3.403392041388943190e-02 6.547915392481143144e-04
3.577924966588375694e-02 1.006114383334588908e-03
3.752457891787809585e-02 6.221743863006134285e-04
3.926990816987242089e-02 5.796087762999546688e-04
4.101523742186675286e-02 1.055872144923035747e-04
4.276056667386108484e-02 2.187604239473516703e-04
4.450589592585541682e-02 2.120590075075119295e-04
4.625122517784973492e-02 -1.110081551237204333e-04
4.799655442984406689e-02 -2.438423051829261858e-04
4.974188368183841275e-02 -2.090339183470735598e-04
5.148721293383273084e-02 -1.715610134016325389e-04
5.323254218582707670e-02 -1.283670422757605825e-05
5.497787143782139480e-02 3.273108078398584116e-04
5.672320068981571289e-02 2.217511159703165459e-05
5.846852994181003793e-02 8.012238322748195063e-05
6.021385919380437685e-02 1.258551793110904953e-05
6.195918844579872270e-02 1.070407151391902621e-04
6.370451769779303386e-02 1.832627020630075098e-04
6.544984694978735196e-02 1.369571752277131955e-04
6.719517620178169781e-02 -2.426770155534912623e-05
6.894050545377604367e-02 -5.845036940583243196e-05
7.068583470577036176e-02 1.154267687784855354e-04
7.243116395776469374e-02 3.540995103760714554e-05
7.417649320975901184e-02 -2.683904524457512037e-05
7.592182246175335769e-02 -7.645184810878925602e-05
7.766715171374767579e-02 -2.742639735269392860e-05
7.941248096574199389e-02 -1.757190028994803411e-04
8.115781021773633974e-02 5.973592404068257648e-05
8.290313946973067172e-02 -3.679024493302510010e-05
8.464846872172500369e-02 2.852175573399167956e-05
8.639379797371933567e-02 1.548858109080951536e-04
