3.926990816987241742e-03 5.278698932010039008e-02
6.544984694978734502e-03 3.105014807195306120e-02
9.162978572970228996e-03 2.030391883806732106e-02
1.178097245096172870e-02 1.378457282297097797e-02
1.439896632895321625e-02 9.808707690092977396e-03
1.701696020694471595e-02 7.001448933645673320e-03
1.963495408493620004e-02 4.943498763611496247e-03
2.225294796292769453e-02 3.748492500486845947e-03
2.487094184091919249e-02 3.259115725543153697e-03
2.748893571891068005e-02 2.605277257401407941e-03
3.010692959690218842e-02 2.178327293570630780e-03
3.272492347489367598e-02 1.644882485052212226e-03
3.534291735288518088e-02 1.375908524618936956e-03
3.796091123087667885e-02 1.112781748277117755e-03
4.057890510886816987e-02 9.602341331778145020e-04
4.319689898685966090e-02 7.966794094153690185e-04
4.581489286485114498e-02 6.215919645408212423e-04
4.843288674284264295e-02 4.776625085177148701e-04
5.105088062083414091e-02 3.915631045937200696e-04
5.366887449882562500e-02 5.004343064397444698e-04
5.628686837681712990e-02 4.842369488436021351e-04
5.890486225480862092e-02 4.281890499482961395e-04
6.152285613280011195e-02 2.946899490868285475e-04
6.414085001079160298e-02 1.315031292664411294e-04
6.675884388878311482e-02 1.177940840302089537e-06
6.937683776677458503e-02 -1.604912766709292956e-04
7.199483164476608299e-02 -1.132916038673560454e-04
7.461282552275756708e-02 -1.977353515858205327e-04
7.723081940074907892e-02 -1.500090351076732720e-04
7.984881327874059076e-02 -1.412602589095923191e-04
8.246680715673207485e-02 -2.293002068778459801e-04
8.508480103472354505e-02 -1.924615949409851751e-04
