6.544984694978734502e-03 2.171666526596222058e-02
1.090830782496455577e-02 1.072674143856879210e-02
1.527163095495037703e-02 6.248748752881576676e-03
1.963495408493621044e-02 3.480927986294716885e-03
2.399827721492203345e-02 2.189563035372108727e-03
2.836160034490785298e-02 1.364967302638069903e-03
3.272492347489367598e-02 7.893998122350406009e-04
3.708824660487950592e-02 7.741113519929300989e-04
4.145156973486533586e-02 2.321698283328814318e-04
4.581489286485114498e-02 1.593557246880598067e-05
5.017821599483696798e-02 -2.267540865796860113e-04
5.454153912482280486e-02 1.643318612152127602e-04
5.890486225480862092e-02 1.059371556346579752e-05
6.326818538479445087e-02 1.766106358943141791e-04
6.763150851478026693e-02 -3.753930529703023138e-05
7.199483164476608299e-02 7.871182629244341587e-05
7.635815477475189905e-02 -7.010613282031396079e-05
8.072147790473772899e-02 -5.943648332864559806e-05
8.508480103472358669e-02 7.328136318480909573e-05
