5.235987755982988122e-03 3.199739668339648957e-02
8.726646259971644268e-03 1.899575210400541309e-02
1.221730476396030302e-02 1.283008209871117945e-02
1.570796326794896697e-02 9.554209445376778131e-03
1.919862177193762745e-02 7.223866410138507152e-03
2.268928027592628446e-02 6.078358282255728190e-03
2.617993877991494148e-02 5.406157634800637379e-03
2.967059728390360543e-02 4.453381870903157930e-03
3.316125578789226591e-02 4.222821659615568629e-03
3.665191429188092292e-02 4.165301993433410781e-03
4.014257279586957994e-02 3.642434974158225390e-03
4.363323129985823001e-02 3.470544286769478709e-03
4.712388980384690090e-02 3.054770610875343854e-03
5.061454830783555792e-02 3.049261227061608823e-03
5.410520681182421493e-02 3.343372449975760483e-03
5.759586531581287194e-02 3.217455903447184393e-03
6.108652381980154977e-02 3.166246034532665087e-03
6.457718232379021372e-02 3.216510386532629370e-03
6.806784082777887768e-02 2.991908009478346647e-03
7.155849933176751387e-02 3.053516106183017283e-03
7.504915783575616395e-02 2.878397895009755965e-03
7.853981633974485566e-02 2.791717009861409849e-03
8.203047484373350573e-02 2.858928892784765984e-03
8.552113334772216968e-02 2.923963921338833261e-03
