5.235987755982988122e-03 2.789590218089720713e-02
8.726646259971644268e-03 1.502055267765507393e-02
1.221730476396030302e-02 9.072686019688361997e-03
1.570796326794896697e-02 5.879605560424813748e-03
1.919862177193762745e-02 3.602490198936589717e-03
2.268928027592628446e-02 2.513010423111224426e-03
2.617993877991494148e-02 1.902352071112126120e-03
2.967059728390360543e-02 9.845541598909426147e-04
3.316125578789226591e-02 8.014518712513897265e-04
3.665191429188092292e-02 8.098646504596225624e-04
4.014257279586957994e-02 3.378104486327385635e-04
4.363323129985823001e-02 2.153477163721475391e-04
4.712388980384690090e-02 -1.785562938482855913e-04
5.061454830783555792e-02 -1.900020712620805613e-04
5.410520681182421493e-02 1.597323853521337151e-04
5.759586531581287194e-02 5.154619192740075460e-05
6.108652381980154977e-02 6.042017482462738438e-05
6.457718232379021372e-02 1.598298360535812960e-04
6.806784082777887768e-02 -4.155440675623375244e-05
7.155849933176751387e-02 7.498466394980011335e-05
7.504915783575616395e-02 -5.190090627539327374e-05
7.853981633974485566e-02 -1.022988787531196842e-04
8.203047484373350573e-02 1.102125996189814182e-05
8.552113334772216968e-02 9.226753782523630773e-05
