3.926990816987241742e-03 3.596293784212796496e-02
6.544984694978734502e-03 2.072033095276255496e-02
9.162978572970228996e-03 1.329727855833843543e-02
1.178097245096172870e-02 9.151751189884092461e-03
1.439896632895321625e-02 6.568076821950148518e-03
1.701696020694471595e-02 4.690347411434065729e-03
1.963495408493620004e-02 3.474788673737460708e-03
2.225294796292769453e-02 2.379678633558460557e-03
2.487094184091919249e-02 1.941225237414445724e-03
2.748893571891068005e-02 1.505843604090986417e-03
3.010692959690218842e-02 1.025491001425351276e-03
3.272492347489367598e-02 9.638373853032302339e-04
3.534291735288518088e-02 8.314583365563751969e-04
3.796091123087667885e-02 9.283191662770855657e-04
4.057890510886816987e-02 8.703228902526585721e-04
4.319689898685966090e-02 8.472683403258499460e-04
4.581489286485114498e-02 7.035577354100494259e-04
4.843288674284264295e-02 5.000898762059203216e-04
5.105088062083414091e-02 3.621116615204994873e-04
5.366887449882562500e-02 2.838691324750479287e-04
5.628686837681712990e-02 1.483058314488580837e-04
5.890486225480862092e-02 -4.614170521987478373e-05
6.152285613280011195e-02 -1.420862011859601792e-04
6.414085001079160298e-02 -4.923031754716875741e-05
6.675884388878311482e-02 -7.694722469367940053e-05
6.937683776677458503e-02 -1.742031985304071736e-04
7.199483164476608299e-02 -2.265756742890409625e-04
7.461282552275756708e-02 -2.347686784782178620e-04
7.723081940074907892e-02 -3.117241662075899400e-04
7.984881327874059076e-02 -3.774441868209931915e-04
8.246680715673207485e-02 -2.620001763102586820e-04
8.508480103472354505e-02 -1.693670098323183835e-04
