6.544984694978734502e-03 4.227056595794558697e-02
1.090830782496455577e-02 2.387481893035134708e-02
1.527163095495037703e-02 1.416074339062167731e-02
1.963495408493621044e-02 9.492798860485167703e-03
2.399827721492203345e-02 6.367774969925192770e-03
2.836160034490785298e-02 4.490811526049514647e-03
3.272492347489367598e-02 3.575041816188158014e-03
3.708824660487950592e-02 2.717613540566889661e-03
4.145156973486533586e-02 2.279453711113985700e-03
4.581489286485114498e-02 1.742318614529626266e-03
5.017821599483696798e-02 1.335127190972719815e-03
5.454153912482280486e-02 8.518732205999355158e-04
5.890486225480862092e-02 8.390097263168173891e-04
6.326818538479445087e-02 7.915614270764940487e-04
6.763150851478026693e-02 8.362527831371536526e-04
7.199483164476608299e-02 6.579342198904087171e-04
7.635815477475189905e-02 6.081360857948631907e-04
8.072147790473772899e-02 7.141939381495527369e-04
8.508480103472358669e-02 4.749278002682482498e-04
