2.617993877991493627e-03 9.229282006137627670e-02
4.363323129985822134e-03 6.127720649445527606e-02
6.108652381980156712e-03 4.548394697446717788e-02
7.853981633974483484e-03 3.542962458824621547e-02
9.599310885968808521e-03 2.849492222301796412e-02
1.134464013796314050e-02 2.260172281153799076e-02
1.308996938995747074e-02 1.813274598536493420e-02
1.483529864195180792e-02 1.476050850052972041e-02
1.658062789394613296e-02 1.236984603655720376e-02
1.832595714594045799e-02 1.072374486840288292e-02
2.007128639793479691e-02 9.251294150716401349e-03
2.181661564992912195e-02 7.634263716829856397e-03
2.356194490192344698e-02 6.580178336433954375e-03
2.530727415391777896e-02 5.690899165490178983e-03
2.705260340591210400e-02 4.964301883178299547e-03
2.879793265790644638e-02 4.269903209633317022e-03
3.054326190990077142e-02 3.987378707409138835e-03
3.228859116189510686e-02 3.775554096670070362e-03
3.403392041388943190e-02 3.227443756887490162e-03
3.577924966588375694e-02 2.861252584507381191e-03
3.752457891787809585e-02 2.695689060483881169e-03
3.926990816987242089e-02 2.458082707303895463e-03
4.101523742186675286e-02 2.307490190068550023e-03
4.276056667386108484e-02 2.185522104899323675e-03
4.450589592585541682e-02 1.883054050094631459e-03
4.625122517784973492e-02 1.684678407797437312e-03
4.799655442984406689e-02 1.621652131552337285e-03
4.974188368183841275e-02 1.347776272715355472e-03
5.148721293383273084e-02 1.172647311732409603e-03
5.323254218582707670e-02 9.320142471206221404e-04
5.497787143782139480e-02 8.256523879512427068e-04
5.672320068981571289e-02 7.845632267552520023e-04
5.846852994181003793e-02 7.976674629138171468e-04
6.021385919380437685e-02 8.893809382447701245e-04
6.195918844579872270e-02 7.539757242681295645e-04
6.370451769779303386e-02 7.822525163220036973e-04
6.544984694978735196e-02 8.300970426373680466e-04
6.719517620178169781e-02 8.857607884200401679e-04
6.894050545377604367e-02 8.153719157734698160e-04
7.068583470577036176e-02 7.528540549163589618e-04
7.243116395776469374e-02 6.525152971955559215e-04
7.417649320975901184e-02 4.890449629763684615e-04
7.592182246175335769e-02 5.652655762203071628e-04
7.766715171374767579e-02 7.060518356519513566e-04
7.941248096574199389e-02 6.566593450382053393e-04
8.115781021773633974e-02 7.487655428955871870e-04
8.290313946973067172e-02 6.859598890132722693e-04
8.464846872172500369e-02 5.320311227355216995e-04
8.639379797371933567e-02 3.508519463994022656e-04
