3.926990816987241742e-03 4.168026762266111712e-02
6.544984694978734502e-03 2.544750673442613617e-02
9.162978572970228996e-03 1.709490320425733137e-02
1.178097245096172870e-02 1.207522992314080494e-02
1.439896632895321625e-02 8.960553546059391722e-03
1.701696020694471595e-02 6.903395334623522138e-03
1.963495408493620004e-02 5.066656403029831841e-03
2.225294796292769453e-02 4.157047492450867063e-03
2.487094184091919249e-02 3.460458732942877855e-03
2.748893571891068005e-02 2.982399716272588278e-03
3.010692959690218842e-02 2.700973382771876870e-03
3.272492347489367598e-02 2.447414852751168043e-03
3.534291735288518088e-02 2.073782125340848086e-03
3.796091123087667885e-02 1.840096277513991220e-03
4.057890510886816987e-02 1.644020322286945772e-03
4.319689898685966090e-02 1.529896608058939995e-03
4.581489286485114498e-02 1.434021970456780424e-03
4.843288674284264295e-02 1.318490418685475682e-03
5.105088062083414091e-02 1.159508927125131941e-03
5.366887449882562500e-02 9.790088890075548163e-04
5.628686837681712990e-02 7.781082547454509822e-04
5.890486225480862092e-02 5.491612533849818834e-04
6.152285613280011195e-02 3.510531047036985529e-04
6.414085001079160298e-02 2.841309330121392874e-04
6.675884388878311482e-02 9.363508332332489098e-05
6.937683776677458503e-02 3.297583192010730810e-05
7.199483164476608299e-02 -3.268222591263289647e-05
7.461282552275756708e-02 9.844006165637293958e-07
7.723081940074907892e-02 1.568097977920716857e-04
7.984881327874059076e-02 1.427103728057815195e-04
8.246680715673207485e-02 1.419828884940145509e-04
8.508480103472354505e-02 2.187853967142632330e-04
