3.926990816987241742e-03 3.481406197919403867e-02
6.544984694978734502e-03 2.057747307896214128e-02
9.162978572970228996e-03 1.336647037309797101e-02
1.178097245096172870e-02 9.372287959057947621e-03
1.439896632895321625e-02 6.784544991094354147e-03
1.701696020694471595e-02 4.915917472060709649e-03
1.963495408493620004e-02 3.516142685549557539e-03
2.225294796292769453e-02 2.758927026961209734e-03
2.487094184091919249e-02 2.156090141012333584e-03
2.748893571891068005e-02 1.735883889606493202e-03
3.010692959690218842e-02 1.650500395089439304e-03
3.272492347489367598e-02 1.573545665370352110e-03
3.534291735288518088e-02 1.393284132352801304e-03
3.796091123087667885e-02 1.196418601522216242e-03
4.057890510886816987e-02 1.135088356708168454e-03
4.319689898685966090e-02 1.037159437175375716e-03
4.581489286485114498e-02 8.736841189391740536e-04
4.843288674284264295e-02 7.841213983338277647e-04
5.105088062083414091e-02 5.699489440361456142e-04
5.366887449882562500e-02 3.696735152462301719e-04
5.628686837681712990e-02 1.655433673743318397e-04
5.890486225480862092e-02 1.195014797906486238e-04
6.152285613280011195e-02 1.806487987739384003e-04
6.414085001079160298e-02 1.769831809897864407e-04
6.675884388878311482e-02 1.462033142998790875e-04
6.937683776677458503e-02 9.807188246074781640e-05
7.199483164476608299e-02 2.183021094413523951e-05
7.461282552275756708e-02 -1.435110527421925599e-04
7.723081940074907892e-02 -2.709964314683053848e-04
7.984881327874059076e-02 -2.809779455513918131e-04
8.246680715673207485e-02 -2.320981042844273115e-04
8.508480103472354505e-02 -2.429518269337106197e-04
