2.617993877991493627e-03 4.894153857935411994e-02
4.363323129985822134e-03 3.173459581276703162e-02
6.108652381980156712e-03 2.212198654471367321e-02
7.853981633974483484e-03 1.644031507039383014e-02
9.599310885968808521e-03 1.244341964579450191e-02
1.134464013796314050e-02 9.833717397194827875e-03
1.308996938995747074e-02 7.857992975868175606e-03
1.483529864195180792e-02 6.368475039686790490e-03
1.658062789394613296e-02 5.097166542739709275e-03
1.832595714594045799e-02 4.056324989769314292e-03
2.007128639793479691e-02 3.261291020254335898e-03
2.181661564992912195e-02 2.783382168932567631e-03
2.356194490192344698e-02 2.407351043262347980e-03
2.530727415391777896e-02 1.932293083525024211e-03
2.705260340591210400e-02 1.666521695008993083e-03
2.879793265790644638e-02 1.622763986680772616e-03
3.054326190990077142e-02 1.559541145577079480e-03
3.228859116189510686e-02 1.526469103920201137e-03
3.403392041388943190e-02 1.378767321267023544e-03
3.577924966588375694e-02 1.338183772753254999e-03
3.752457891787809585e-02 1.141105615471140313e-03
3.926990816987242089e-02 1.122909487043915458e-03
4.101523742186675286e-02 1.049239874009373543e-03
4.276056667386108484e-02 1.024892921613801454e-03
4.450589592585541682e-02 9.057179582196461017e-04
4.625122517784973492e-02 7.822526434901396365e-04
4.799655442984406689e-02 7.548149924448506118e-04
4.974188368183841275e-02 6.457122392313237704e-04
5.148721293383273084e-02 4.891179926364421860e-04
5.323254218582707670e-02 3.616505006097390823e-04
5.497787143782139480e-02 2.533741008175270735e-04
5.672320068981571289e-02 6.950609280518337354e-05
5.846852994181003793e-02 5.580413402797498043e-05
6.021385919380437685e-02 1.151877635933492840e-04
6.195918844579872270e-02 1.713979108254290755e-04
6.370451769779303386e-02 1.350808059594894557e-04
6.544984694978735196e-02 1.272920190354777977e-04
6.719517620178169781e-02 1.263918392030044546e-04
6.894050545377604367e-02 1.062614623928156916e-04
7.068583470577036176e-02 2.947419815014794200e-06
7.243116395776469374e-02 -3.186011566119137530e-05
7.417649320975901184e-02 -1.423211831975221969e-04
7.592182246175335769e-02 -2.793943050770772364e-04
7.766715171374767579e-02 -3.144763282278546204e-04
7.941248096574199389e-02 -3.504705668735167931e-04
8.115781021773633974e-02 -2.837429252071401982e-04
8.290313946973067172e-02 -2.457206455079801832e-04
8.464846872172500369e-02 -2.636730729724564952e-04
8.639379797371933567e-02 -2.848000857360729015e-04
