6.544984694978734502e-03 3.143557519938314920e-02
1.090830782496455577e-02 1.605358745997455608e-02
1.527163095495037703e-02 9.141407772535432158e-03
1.963495408493621044e-02 5.335535175102198990e-03
2.399827721492203345e-02 3.779667837600090424e-03
2.836160034490785298e-02 2.811678034320587785e-03
3.272492347489367598e-02 1.982024963813481915e-03
3.708824660487950592e-02 1.521031909150204935e-03
4.145156973486533586e-02 1.201242137265490142e-03
4.581489286485114498e-02 9.077696302441407320e-04
5.017821599483696798e-02 7.289156996745325143e-04
5.454153912482280486e-02 7.779078018383279308e-04
5.890486225480862092e-02 7.029755487431004358e-04
6.326818538479445087e-02 4.435029713619368188e-04
6.763150851478026693e-02 1.918402821116244321e-04
7.199483164476608299e-02 1.054214256980040072e-04
7.635815477475189905e-02 2.505719828214181524e-05
8.072147790473772899e-02 5.072647594561559633e-05
8.508480103472358669e-02 2.221641228784550131e-05
