5.235987755982988122e-03 5.177930176465594947e-02
8.726646259971644268e-03 3.136284396614360398e-02
1.221730476396030302e-02 1.997740538490429610e-02
1.570796326794896697e-02 1.327182008314685413e-02
1.919862177193762745e-02 9.731059327250747570e-03
2.268928027592628446e-02 6.870323794999702582e-03
2.617993877991494148e-02 5.098006155154768786e-03
2.967059728390360543e-02 3.914590206775445634e-03
3.316125578789226591e-02 3.294576922468444094e-03
3.665191429188092292e-02 2.588316454216902165e-03
4.014257279586957994e-02 2.205675092601065961e-03
4.363323129985823001e-02 1.877328561376357665e-03
4.712388980384690090e-02 1.510592337401324599e-03
5.061454830783555792e-02 1.126493755317184561e-03
5.410520681182421493e-02 7.494690189652185048e-04
5.759586531581287194e-02 6.602261577792623969e-04
6.108652381980154977e-02 6.880750956152692976e-04
6.457718232379021372e-02 6.633001947478814721e-04
6.806784082777887768e-02 7.046040089133311785e-04
7.155849933176751387e-02 5.491751672442510539e-04
7.504915783575616395e-02 3.739142780176640509e-04
7.853981633974485566e-02 5.229830675342291620e-04
8.203047484373350573e-02 5.569801452322060325e-04
8.552113334772216968e-02 2.872768539409394908e-04
