3.926990816987241742e-03 6.686713715091678611e-02
6.544984694978734502e-03 4.252393531781337166e-02
9.162978572970228996e-03 2.999350468954278467e-02
1.178097245096172870e-02 2.135453706043001845e-02
1.439896632895321625e-02 1.553018278179145277e-02
1.701696020694471595e-02 1.194025529695053219e-02
1.963495408493620004e-02 9.593609883981267863e-03
2.225294796292769453e-02 7.345295766729427293e-03
2.487094184091919249e-02 5.909403728441073658e-03
2.748893571891068005e-02 4.751226425955579723e-03
3.010692959690218842e-02 4.055680896766685958e-03
3.272492347489367598e-02 3.622501340647336053e-03
3.534291735288518088e-02 2.948632766548124097e-03
3.796091123087667885e-02 2.627014173736243272e-03
4.057890510886816987e-02 2.345193566611694386e-03
4.319689898685966090e-02 2.159899276138524220e-03
4.581489286485114498e-02 1.676635412605927827e-03
4.843288674284264295e-02 1.563641894931921050e-03
5.105088062083414091e-02 1.196958541287783178e-03
5.366887449882562500e-02 8.902795217375466174e-04
5.628686837681712990e-02 8.035795470281474010e-04
5.890486225480862092e-02 8.301366870037502023e-04
6.152285613280011195e-02 7.971031598528363323e-04
6.414085001079160298e-02 8.158528653216725463e-04
6.675884388878311482e-02 8.505785603823993925e-04
6.937683776677458503e-02 7.980896376328479791e-04
7.199483164476608299e-02 6.819338306170019551e-04
7.461282552275756708e-02 4.851208432414254334e-04
7.723081940074907892e-02 6.882965266368506899e-04
7.984881327874059076e-02 6.784511543214224484e-04
8.246680715673207485e-02 7.156486579469723388e-04
8.508480103472354505e-02 4.619886417407117682e-04
