6.544984694978734502e-03 2.574780692894073145e-02
1.090830782496455577e-02 1.455598775341359827e-02
1.527163095495037703e-02 9.934805594316543573e-03
1.963495408493621044e-02 7.106109070216878529e-03
2.399827721492203345e-02 5.734458553708570751e-03
2.836160034490785298e-02 4.835022889241999931e-03
3.272492347489367598e-02 4.216529543725864790e-03
3.708824660487950592e-02 4.118612199595254181e-03
4.145156973486533586e-02 3.521745246083881741e-03
4.581489286485114498e-02 3.259690227909728399e-03
5.017821599483696798e-02 3.005404676217396896e-03
5.454153912482280486e-02 3.344383541636855410e-03
5.890486225480862092e-02 3.162754309141393300e-03
6.326818538479445087e-02 3.250318788331695800e-03
6.763150851478026693e-02 2.993032750914530280e-03
7.199483164476608299e-02 3.060383517916585340e-03
7.635815477475189905e-02 2.830481335715698005e-03
8.072147790473772899e-02 2.809745780630687039e-03
8.508480103472358669e-02 2.907611043673446419e-03
