2.617993877991493627e-03 5.166871165944703082e-02
4.363323129985822134e-03 3.262078849413519582e-02
6.108652381980156712e-03 2.250626358145429301e-02
7.853981633974483484e-03 1.659659267797323340e-02
9.599310885968808521e-03 1.232392713770583646e-02
1.134464013796314050e-02 9.469873934517432368e-03
1.308996938995747074e-02 8.043422823543434561e-03
1.483529864195180792e-02 6.123617016401875120e-03
1.658062789394613296e-02 4.838765574482672450e-03
1.832595714594045799e-02 4.144761125070422179e-03
2.007128639793479691e-02 3.281624896325468620e-03
2.181661564992912195e-02 2.548183170822519196e-03
2.356194490192344698e-02 2.026064336443462663e-03
2.530727415391777896e-02 1.916932626979904724e-03
2.705260340591210400e-02 1.611591803927577612e-03
2.879793265790644638e-02 1.203080596381891606e-03
3.054326190990077142e-02 9.871798957344988645e-04
3.228859116189510686e-02 9.069973661566019902e-04
3.403392041388943190e-02 9.738835162817587043e-04
3.577924966588375694e-02 8.095655193132270154e-04
3.752457891787809585e-02 8.575408007419140248e-04
3.926990816987242089e-02 9.993724417747755061e-04
4.101523742186675286e-02 8.390982794836164072e-04
4.276056667386108484e-02 7.879437772924892044e-04
4.450589592585541682e-02 8.995707930922638811e-04
4.625122517784973492e-02 6.382781030579966425e-04
4.799655442984406689e-02 4.866088278144276025e-04
4.974188368183841275e-02 4.352201237283402874e-04
5.148721293383273084e-02 3.702250668235975589e-04
5.323254218582707670e-02 3.314542191232568808e-04
5.497787143782139480e-02 2.069772279925922607e-04
5.672320068981571289e-02 1.117689226769385196e-04
5.846852994181003793e-02 4.550715846684292925e-06
6.021385919380437685e-02 -1.683008651184039143e-04
6.195918844579872270e-02 -1.181990594770773544e-04
6.370451769779303386e-02 -7.304066052471306931e-05
6.544984694978735196e-02 -3.201515708872693881e-05
6.719517620178169781e-02 -8.467833796046864299e-05
6.894050545377604367e-02 -1.738619141847120696e-04
7.068583470577036176e-02 -2.215144969394075591e-04
7.243116395776469374e-02 -2.063709839952746568e-04
7.417649320975901184e-02 -2.395439201804551823e-04
7.592182246175335769e-02 -2.657228444955956606e-04
7.766715171374767579e-02 -3.147050812632260506e-04
7.941248096574199389e-02 -3.644403966757769702e-04
8.115781021773633974e-02 -3.495248699047868047e-04
8.290313946973067172e-02 -2.450027352429478200e-04
8.464846872172500369e-02 -1.581680023669423702e-04
8.639379797371933567e-02 -1.989333419116391796e-04
