3.926990816987241742e-03 6.652417458878702450e-02
6.544984694978734502e-03 4.224288821925738929e-02
9.162978572970228996e-03 2.973706915701705353e-02
1.178097245096172870e-02 2.111652413040377221e-02
1.439896632895321625e-02 1.530257112164794264e-02
1.701696020694471595e-02 1.171374238274917531e-02
1.963495408493620004e-02 9.369319056515309010e-03
2.225294796292769453e-02 7.128437661070114069e-03
2.487094184091919249e-02 5.689395797715276516e-03
2.748893571891068005e-02 4.538086870656346701e-03
3.010692959690218842e-02 3.844937891545743142e-03
3.272492347489367598e-02 3.421512081226883977e-03
3.534291735288518088e-02 2.753956795470965252e-03
3.796091123087667885e-02 2.445154550410031085e-03
4.057890510886816987e-02 2.170537417535891873e-03
4.319689898685966090e-02 2.004451892632281435e-03
4.581489286485114498e-02 1.530315322454268339e-03
4.843288674284264295e-02 1.425547529893515016e-03
5.105088062083414091e-02 1.065381457768058496e-03
5.366887449882562500e-02 7.617804148511350942e-04
5.628686837681712990e-02 6.743682922858970424e-04
5.890486225480862092e-02 6.988065055341034608e-04
6.152285613280011195e-02 6.631581110878833132e-04
6.414085001079160298e-02 6.721745938873405560e-04
6.675884388878311482e-02 7.066447984023698035e-04
6.937683776677458503e-02 6.499177868443681630e-04
7.199483164476608299e-02 5.287611780188167980e-04
7.461282552275756708e-02 3.327268986675761581e-04
7.723081940074907892e-02 5.312391219145059162e-04
7.984881327874059076e-02 5.197923286087314122e-04
8.246680715673207485e-02 5.546854493082100691e-04
8.508480103472354505e-02 3.075721927991749969e-04
