2.617993877991493627e-03 4.902665856509980796e-02
4.363323129985822134e-03 3.181854435028182160e-02
6.108652381980156712e-03 2.220477152269871926e-02
7.853981633974483484e-03 1.652584045627784881e-02
9.599310885968808521e-03 1.252745160260524543e-02
1.134464013796314050e-02 9.915720528085191290e-03
1.308996938995747074e-02 7.938840128436260718e-03
1.483529864195180792e-02 6.452582206562930064e-03
1.658062789394613296e-02 5.181842650515550153e-03
1.832595714594045799e-02 4.142413311549542412e-03
2.007128639793479691e-02 3.347741716099536871e-03
2.181661564992912195e-02 2.870439192465059318e-03
2.356194490192344698e-02 2.496564266983783333e-03
2.530727415391777896e-02 2.017890739155972588e-03
2.705260340591210400e-02 1.748373274216554960e-03
2.879793265790644638e-02 1.699680249297653772e-03
3.054326190990077142e-02 1.632654268294824167e-03
3.228859116189510686e-02 1.596904204086479172e-03
3.403392041388943190e-02 1.448085116859549161e-03
3.577924966588375694e-02 1.404747580232293012e-03
3.752457891787809585e-02 1.206175134874098737e-03
3.926990816987242089e-02 1.184293997227257042e-03
4.101523742186675286e-02 1.107997310127098803e-03
4.276056667386108484e-02 1.077876255226782381e-03
4.450589592585541682e-02 9.579792669288284034e-04
4.625122517784973492e-02 8.326315501192782737e-04
4.799655442984406689e-02 8.038184263098537181e-04
4.974188368183841275e-02 6.944900844278587742e-04
5.148721293383273084e-02 5.337322867647759659e-04
5.323254218582707670e-02 4.031218029351298342e-04
5.497787143782139480e-02 2.934843078403901666e-04
5.672320068981571289e-02 1.081026257523865554e-04
5.846852994181003793e-02 9.428513803612340754e-05
6.021385919380437685e-02 1.509762397220726902e-04
6.195918844579872270e-02 2.038976528656233280e-04
6.370451769779303386e-02 1.666737167333030194e-04
6.544984694978735196e-02 1.593153591057306002e-04
6.719517620178169781e-02 1.581677508884182218e-04
6.894050545377604367e-02 1.394642490033530166e-04
7.068583470577036176e-02 3.771543143476582290e-05
7.243116395776469374e-02 3.770911479703078004e-06
7.417649320975901184e-02 -1.056354834570517230e-04
7.592182246175335769e-02 -2.404862013668310748e-04
7.766715171374767579e-02 -2.751088832886850691e-04
7.941248096574199389e-02 -3.134841736529697664e-04
8.115781021773633974e-02 -2.468996832452811756e-04
8.290313946973067172e-02 -2.101450129678941075e-04
8.464846872172500369e-02 -2.278590405206891412e-04
8.639379797371933567e-02 -2.505045685495533290e-04
