6.544984694978734502e-03 2.475318691794788431e-02
1.090830782496455577e-02 1.292542080946652155e-02
1.527163095495037703e-02 7.615328600730288632e-03
1.963495408493621044e-02 4.536257709520991575e-03
2.399827721492203345e-02 3.100536478885178564e-03
2.836160034490785298e-02 2.347765887423336993e-03
3.272492347489367598e-02 1.899837619839775784e-03
3.708824660487950592e-02 1.397240444536069744e-03
4.145156973486533586e-02 1.094405763532351828e-03
4.581489286485114498e-02 9.526185453853191739e-04
5.017821599483696798e-02 7.357049522954829234e-04
5.454153912482280486e-02 4.439625038217786786e-04
5.890486225480862092e-02 8.803127437860879337e-05
6.326818538479445087e-02 -1.478585075466124648e-04
6.763150851478026693e-02 -3.626632242794027147e-04
7.199483164476608299e-02 -4.569862712144644526e-04
7.635815477475189905e-02 -3.142771462781961665e-04
8.072147790473772899e-02 -2.631429055318422819e-04
8.508480103472358669e-02 -2.079533897585662480e-04
