5.235987755982988122e-03
8.726646259971644268e-03
1.221730476396030302e-02
1.570796326794896697e-02
1.919862177193762745e-02
2.268928027592628446e-02
2.617993877991494148e-02
2.967059728390360543e-02
3.316125578789226591e-02
3.665191429188092292e-02
4.014257279586957994e-02
4.363323129985823001e-02
4.712388980384690090e-02
5.061454830783555792e-02
5.410520681182421493e-02
5.759586531581287194e-02
6.108652381980154977e-02
6.457718232379021372e-02
6.806784082777887768e-02
7.155849933176751387e-02
7.504915783575616395e-02
7.853981633974485566e-02
8.203047484373350573e-02
8.552113334772216968e-02
