## bin # - low-edge - mean theta - high-edge
1    0.05     0.075     0.1
2    0.1     0.125     0.15
3    0.15     0.175     0.2
4    0.2     0.225     0.25
5    0.25     0.275     0.3
6    0.3     0.325     0.35
7    0.35     0.375     0.4
8    0.4     0.425     0.45
9    0.45     0.475     0.5
10    0.5     0.525     0.55
11    0.55     0.575     0.6
12    0.6     0.625     0.65
13    0.65     0.675     0.7
14    0.7     0.725     0.75
15    0.75     0.775     0.8
16    0.8     0.825     0.85
17    0.85     0.875     0.9
18    0.9     0.925     0.95
19    0.95     0.975     1.0
20    1.0     1.025     1.05
21    1.05     1.075     1.1
22    1.1     1.125     1.15
23    1.15     1.175     1.2
24    1.2     1.225     1.25
25    1.25     1.275     1.3
26    1.3     1.325     1.35
27    1.35     1.375     1.4
28    1.4     1.425     1.45
29    1.45     1.475     1.5
30    1.5     1.525     1.55
31    1.55     1.575     1.6
32    1.6     1.625     1.65
33    1.65     1.675     1.7
34    1.7     1.725     1.75
35    1.75     1.775     1.8
36    1.8     1.825     1.85
37    1.85     1.875     1.9
38    1.9     1.925     1.95
39    1.95     1.975     2.0
40    2.0     2.025     2.05
41    2.05     2.075     2.1
42    2.1     2.125     2.15
43    2.15     2.175     2.2
44    2.2     2.225     2.25
45    2.25     2.275     2.3
46    2.3     2.325     2.35
47    2.35     2.375     2.4
48    2.4     2.425     2.45
49    2.45     2.475     2.5
50    2.5     2.525     2.55
51    2.55     2.575     2.6
52    2.6     2.625     2.65
53    2.65     2.675     2.7
54    2.7     2.725     2.75
55    2.75     2.775     2.8
56    2.8     2.825     2.85
57    2.85     2.875     2.9
58    2.9     2.925     2.95
59    2.95     2.975     3.0
60    3.0     3.025     3.05
61    3.05     3.075     3.1
62    3.1     3.125     3.15
63    3.15     3.175     3.2
64    3.2     3.225     3.25
65    3.25     3.275     3.3
66    3.3     3.325     3.35
67    3.35     3.375     3.4
68    3.4     3.425     3.45
69    3.45     3.475     3.5
70    3.5     3.525     3.55
71    3.55     3.575     3.6
72    3.6     3.625     3.65
73    3.65     3.675     3.7
74    3.7     3.725     3.75
75    3.75     3.775     3.8
76    3.8     3.825     3.85
77    3.85     3.875     3.9
78    3.9     3.925     3.95
79    3.95     3.975     4.0
80    4.0     4.025     4.05
81    4.05     4.075     4.1
82    4.1     4.125     4.15
83    4.15     4.175     4.2
84    4.2     4.225     4.25
85    4.25     4.275     4.3
86    4.3     4.325     4.35
87    4.35     4.375     4.4
88    4.4     4.425     4.45
89    4.45     4.475     4.5
90    4.5     4.525     4.55
91    4.55     4.575     4.6
92    4.6     4.625     4.65
93    4.65     4.675     4.7
94    4.7     4.725     4.75
95    4.75     4.775     4.8
96    4.8     4.825     4.85
97    4.85     4.875     4.9
98    4.9     4.925     4.95
99    4.95     4.975     5.0
