## bin # - low-edge - mean theta - high-edge
1    0.15     0.225     0.3
2    0.3     0.375     0.45
3    0.45     0.525     0.6
4    0.6     0.675     0.75
5    0.75     0.825     0.9
6    0.9     0.975     1.05
7    1.05     1.125     1.2
8    1.2     1.275     1.35
9    1.35     1.425     1.5
10    1.5     1.575     1.65
11    1.65     1.725     1.8
12    1.8     1.875     1.95
13    1.95     2.025     2.1
14    2.1     2.175     2.25
15    2.25     2.325     2.4
16    2.4     2.475     2.55
17    2.55     2.625     2.7
18    2.7     2.775     2.85
19    2.85     2.925     3.0
20    3.0     3.075     3.15
21    3.15     3.225     3.3
22    3.3     3.375     3.45
23    3.45     3.525     3.6
24    3.6     3.675     3.75
25    3.75     3.825     3.9
26    3.9     3.975     4.05
27    4.05     4.125     4.2
28    4.2     4.275     4.35
29    4.35     4.425     4.5
30    4.5     4.575     4.65
31    4.65     4.725     4.8
32    4.8     4.875     4.95
