5.235987755982988122e-03
8.726646259971647737e-03
1.221730476396030649e-02
1.570796326794896697e-02
1.919862177193762745e-02
2.268928027592628446e-02
2.617993877991494148e-02
2.967059728390360196e-02
3.316125578789225897e-02
3.665191429188092292e-02
4.014257279586957300e-02
4.363323129985823695e-02
4.712388980384689396e-02
5.061454830783555792e-02
5.410520681182421493e-02
5.759586531581287194e-02
6.108652381980153590e-02
6.457718232379018597e-02
6.806784082777884992e-02
7.155849933176750000e-02
7.504915783575616395e-02
7.853981633974482790e-02
8.203047484373349185e-02
8.552113334772215580e-02
