## bin # - low-edge - mean theta - high-edge
1    0.25     0.375     0.5
2    0.5     0.625     0.75
3    0.75     0.875     1.0
4    1.0     1.125     1.25
5    1.25     1.375     1.5
6    1.5     1.625     1.75
7    1.75     1.875     2.0
8    2.0     2.125     2.25
9    2.25     2.375     2.5
10    2.5     2.625     2.75
11    2.75     2.875     3.0
12    3.0     3.125     3.25
13    3.25     3.375     3.5
14    3.5     3.625     3.75
15    3.75     3.875     4.0
16    4.0     4.125     4.25
17    4.25     4.375     4.5
18    4.5     4.625     4.75
19    4.75     4.875     5.0
