## bin # - low-edge - mean theta - high-edge
1    0.1     0.15     0.2
2    0.2     0.25     0.3
3    0.3     0.35     0.4
4    0.4     0.45     0.5
5    0.5     0.55     0.6
6    0.6     0.65     0.7
7    0.7     0.75     0.8
8    0.8     0.85     0.9
9    0.9     0.95     1.0
10    1.0     1.05     1.1
11    1.1     1.15     1.2
12    1.2     1.25     1.3
13    1.3     1.35     1.4
14    1.4     1.45     1.5
15    1.5     1.55     1.6
16    1.6     1.65     1.7
17    1.7     1.75     1.8
18    1.8     1.85     1.9
19    1.9     1.95     2.0
20    2.0     2.05     2.1
21    2.1     2.15     2.2
22    2.2     2.25     2.3
23    2.3     2.35     2.4
24    2.4     2.45     2.5
25    2.5     2.55     2.6
26    2.6     2.65     2.7
27    2.7     2.75     2.8
28    2.8     2.85     2.9
29    2.9     2.95     3.0
30    3.0     3.05     3.1
31    3.1     3.15     3.2
32    3.2     3.25     3.3
33    3.3     3.35     3.4
34    3.4     3.45     3.5
35    3.5     3.55     3.6
36    3.6     3.65     3.7
37    3.7     3.75     3.8
38    3.8     3.85     3.9
39    3.9     3.95     4.0
40    4.0     4.05     4.1
41    4.1     4.15     4.2
42    4.2     4.25     4.3
43    4.3     4.35     4.4
44    4.4     4.45     4.5
45    4.5     4.55     4.6
46    4.6     4.65     4.7
47    4.7     4.75     4.8
48    4.8     4.85     4.9
49    4.9     4.95     5.0
